start	end	type	var
4786295	4786296	IS_AST_PARENT	
4786295	4786297	IS_AST_PARENT	
4786294	4786295	IS_AST_PARENT	
4786294	4786298	IS_AST_PARENT	
4786293	4786294	IS_AST_PARENT	
4786292	4786293	IS_AST_PARENT	
4786301	4786302	IS_AST_PARENT	
4786301	4786303	IS_AST_PARENT	
4786300	4786301	IS_AST_PARENT	
4786304	4786305	IS_AST_PARENT	
4786304	4786306	IS_AST_PARENT	
4786300	4786304	IS_AST_PARENT	
4786299	4786300	IS_AST_PARENT	
4786292	4786299	IS_AST_PARENT	
4786309	4786310	IS_AST_PARENT	
4786309	4786311	IS_AST_PARENT	
4786308	4786309	IS_AST_PARENT	
4786308	4786312	IS_AST_PARENT	
4786307	4786308	IS_AST_PARENT	
4786292	4786307	IS_AST_PARENT	
4786315	4786316	IS_AST_PARENT	
4786315	4786317	IS_AST_PARENT	
4786314	4786315	IS_AST_PARENT	
4786314	4786318	IS_AST_PARENT	
4786313	4786314	IS_AST_PARENT	
4786292	4786313	IS_AST_PARENT	
4786321	4786322	IS_AST_PARENT	
4786321	4786323	IS_AST_PARENT	
4786320	4786321	IS_AST_PARENT	
4786320	4786324	IS_AST_PARENT	
4786319	4786320	IS_AST_PARENT	
4786292	4786319	IS_AST_PARENT	
4786327	4786328	IS_AST_PARENT	
4786326	4786327	IS_AST_PARENT	
4786332	4786333	IS_AST_PARENT	
4786331	4786332	IS_AST_PARENT	
4786336	4786337	IS_AST_PARENT	
4786336	4786338	IS_AST_PARENT	
4786335	4786336	IS_AST_PARENT	
4786334	4786335	IS_AST_PARENT	
4786331	4786334	IS_AST_PARENT	
4786330	4786331	IS_AST_PARENT	
4786329	4786330	IS_AST_PARENT	
4786340	4786341	IS_AST_PARENT	
4786342	4786343	IS_AST_PARENT	
4786342	4786344	IS_AST_PARENT	
4786340	4786342	IS_AST_PARENT	
4786339	4786340	IS_AST_PARENT	
4786329	4786339	IS_AST_PARENT	
4786346	4786347	IS_AST_PARENT	
4786346	4786348	IS_AST_PARENT	
4786345	4786346	IS_AST_PARENT	
4786329	4786345	IS_AST_PARENT	
4786349	4786350	IS_AST_PARENT	
4786329	4786349	IS_AST_PARENT	
4786326	4786329	IS_AST_PARENT	
4786325	4786326	IS_AST_PARENT	
4786292	4786325	IS_AST_PARENT	
4786353	4786354	IS_AST_PARENT	
4786353	4786355	IS_AST_PARENT	
4786352	4786353	IS_AST_PARENT	
4786356	4786357	IS_AST_PARENT	
4786358	4786359	IS_AST_PARENT	
4786360	4786361	IS_AST_PARENT	
4786360	4786362	IS_AST_PARENT	
4786358	4786360	IS_AST_PARENT	
4786356	4786358	IS_AST_PARENT	
4786352	4786356	IS_AST_PARENT	
4786351	4786352	IS_AST_PARENT	
4786292	4786351	IS_AST_PARENT	
4786365	4786366	IS_AST_PARENT	
4786364	4786365	IS_AST_PARENT	
4786368	4786369	IS_AST_PARENT	
4786367	4786368	IS_AST_PARENT	
4786370	4786371	IS_AST_PARENT	
4786367	4786370	IS_AST_PARENT	
4786364	4786367	IS_AST_PARENT	
4786363	4786364	IS_AST_PARENT	
4786292	4786363	IS_AST_PARENT	
4786291	4786292	IS_AST_PARENT	
4786291	4786372	IS_AST_PARENT	
4786291	4786373	IS_AST_PARENT	
4786375	4786376	IS_AST_PARENT	
4786375	4786377	IS_AST_PARENT	
4786374	4786375	IS_AST_PARENT	
4786378	4786379	IS_AST_PARENT	
4786378	4786380	IS_AST_PARENT	
4786374	4786378	IS_AST_PARENT	
4786381	4786382	IS_AST_PARENT	
4786381	4786383	IS_AST_PARENT	
4786374	4786381	IS_AST_PARENT	
4786384	4786385	IS_AST_PARENT	
4786384	4786386	IS_AST_PARENT	
4786374	4786384	IS_AST_PARENT	
4786291	4786374	IS_AST_PARENT	
4786387	4786375	FLOWS_TO	
4786375	4786378	FLOWS_TO	
4786378	4786381	FLOWS_TO	
4786381	4786384	FLOWS_TO	
4786384	4786293	FLOWS_TO	
4786293	4786299	FLOWS_TO	
4786299	4786307	FLOWS_TO	
4786307	4786313	FLOWS_TO	
4786313	4786319	FLOWS_TO	
4786319	4786325	FLOWS_TO	
4786325	4786351	FLOWS_TO	
4786351	4786363	FLOWS_TO	
4786363	4786388	FLOWS_TO	
4786299	4786389	DEF	
4786300	4786389	DEF	
4786325	4786389	USE	
4786345	4786389	USE	
4786381	4786390	DEF	
4786299	4786390	USE	
4786300	4786390	USE	
4786325	4786391	USE	
4786339	4786391	USE	
4786351	4786392	DEF	
4786352	4786392	DEF	
4786307	4786393	DEF	
4786308	4786393	DEF	
4786378	4786394	DEF	
4786293	4786394	USE	
4786294	4786394	USE	
4786325	4786395	USE	
4786330	4786395	USE	
4786363	4786396	USE	
4786370	4786396	USE	
4786325	4786397	USE	
4786335	4786397	USE	
4786325	4786398	USE	
4786349	4786398	USE	
4786375	4786399	DEF	
4786293	4786399	USE	
4786295	4786399	USE	
4786299	4786399	USE	
4786301	4786399	USE	
4786307	4786399	USE	
4786309	4786399	USE	
4786313	4786399	USE	
4786315	4786399	USE	
4786319	4786399	USE	
4786321	4786399	USE	
4786325	4786399	USE	
4786342	4786399	USE	
4786336	4786399	USE	
4786339	4786399	USE	
4786346	4786399	USE	
4786351	4786399	USE	
4786353	4786399	USE	
4786363	4786399	USE	
4786368	4786399	USE	
4786351	4786400	USE	
4786352	4786400	USE	
4786313	4786401	DEF	
4786314	4786401	DEF	
4786351	4786402	USE	
4786352	4786402	USE	
4786351	4786403	USE	
4786352	4786403	USE	
4786384	4786404	DEF	
4786299	4786404	USE	
4786300	4786404	USE	
4786319	4786404	USE	
4786320	4786404	USE	
4786293	4786405	DEF	
4786294	4786405	DEF	
4786319	4786406	DEF	
4786320	4786406	DEF	
4786293	4786407	DEF	
4786294	4786407	DEF	
4786299	4786407	DEF	
4786300	4786407	DEF	
4786307	4786407	DEF	
4786308	4786407	DEF	
4786313	4786407	DEF	
4786314	4786407	DEF	
4786319	4786407	DEF	
4786320	4786407	DEF	
4786325	4786407	USE	
4786345	4786407	USE	
4786335	4786407	USE	
4786351	4786407	DEF	
4786352	4786407	DEF	
4786351	4786408	USE	
4786352	4786408	USE	
4786299	4786325	REACHES	s -> packet_transfer_size
4786381	4786299	REACHES	nb_sectors
4786378	4786293	REACHES	lba
4786375	4786293	REACHES	s
4786375	4786299	REACHES	s
4786375	4786307	REACHES	s
4786375	4786313	REACHES	s
4786375	4786319	REACHES	s
4786375	4786325	REACHES	s
4786375	4786351	REACHES	s
4786375	4786363	REACHES	s
4786384	4786299	REACHES	sector_size
4786384	4786319	REACHES	sector_size
4786351	4786388	REACHES	* s
4786319	4786325	REACHES	* s
4786387	4786375	CONTROLS	
4786387	4786378	CONTROLS	
4786387	4786381	CONTROLS	
4786387	4786384	CONTROLS	
4786387	4786293	CONTROLS	
4786387	4786299	CONTROLS	
4786387	4786307	CONTROLS	
4786387	4786313	CONTROLS	
4786387	4786319	CONTROLS	
4786387	4786325	CONTROLS	
4786387	4786351	CONTROLS	
4786387	4786363	CONTROLS	
4786299	4786307	DOM	
4786319	4786325	DOM	
4786378	4786381	DOM	
4786381	4786384	DOM	
4786293	4786299	DOM	
4786387	4786387	DOM	
4786307	4786313	DOM	
4786325	4786351	DOM	
4786387	4786375	DOM	
4786375	4786378	DOM	
4786351	4786363	DOM	
4786384	4786293	DOM	
4786363	4786388	DOM	
4786313	4786319	DOM	
4786313	4786307	POST_DOM	
4786351	4786325	POST_DOM	
4786384	4786381	POST_DOM	
4786293	4786384	POST_DOM	
4786307	4786299	POST_DOM	
4786375	4786387	POST_DOM	
4786363	4786351	POST_DOM	
4786319	4786313	POST_DOM	
4786381	4786378	POST_DOM	
4786378	4786375	POST_DOM	
4786388	4786363	POST_DOM	
4786299	4786293	POST_DOM	
4786388	4786388	POST_DOM	
4786325	4786319	POST_DOM	
4786290	4786291	IS_FUNCTION_OF_AST	
4786290	4786387	IS_FUNCTION_OF_CFG	
4786289	4786290	IS_FILE_OF	
