command	key	type	code	location	functionId	childNum	isCFGNode	operator	baseType	completeType	identifier
ANR	2742657	File	/home/p4ultr4n/workplace/ReVeal/raw_code/do_video_out_01_0.c								
ANR	2742658	Function	do_video_out	1:0:0:12185							
ANR	2742659	FunctionDef	"do_video_out (AVFormatContext * s , OutputStream * ost , AVFrame * next_picture , double sync_ipts)"		2742658	0					
ANR	2742660	CompoundStatement		9:0:184:12185	2742658	0					
ANR	2742661	IdentifierDeclStatement	"int ret , format_video_sync ;"	11:4:191:217	2742658	0	True				
ANR	2742662	IdentifierDecl	ret		2742658	0					
ANR	2742663	IdentifierDeclType	int		2742658	0					
ANR	2742664	Identifier	ret		2742658	1					
ANR	2742665	IdentifierDecl	format_video_sync		2742658	1					
ANR	2742666	IdentifierDeclType	int		2742658	0					
ANR	2742667	Identifier	format_video_sync		2742658	1					
ANR	2742668	IdentifierDeclStatement	AVPacket pkt ;	13:4:224:236	2742658	1	True				
ANR	2742669	IdentifierDecl	pkt		2742658	0					
ANR	2742670	IdentifierDeclType	AVPacket		2742658	0					
ANR	2742671	Identifier	pkt		2742658	1					
ANR	2742672	IdentifierDeclStatement	AVCodecContext * enc = ost -> enc_ctx ;	15:4:243:277	2742658	2	True				
ANR	2742673	IdentifierDecl	* enc = ost -> enc_ctx		2742658	0					
ANR	2742674	IdentifierDeclType	AVCodecContext *		2742658	0					
ANR	2742675	Identifier	enc		2742658	1					
ANR	2742676	AssignmentExpression	* enc = ost -> enc_ctx		2742658	2		=			
ANR	2742677	Identifier	enc		2742658	0					
ANR	2742678	PtrMemberAccess	ost -> enc_ctx		2742658	1					
ANR	2742679	Identifier	ost		2742658	0					
ANR	2742680	Identifier	enc_ctx		2742658	1					
ANR	2742681	IdentifierDeclStatement	AVCodecContext * mux_enc = ost -> st -> codec ;	17:4:284:324	2742658	3	True				
ANR	2742682	IdentifierDecl	* mux_enc = ost -> st -> codec		2742658	0					
ANR	2742683	IdentifierDeclType	AVCodecContext *		2742658	0					
ANR	2742684	Identifier	mux_enc		2742658	1					
ANR	2742685	AssignmentExpression	* mux_enc = ost -> st -> codec		2742658	2		=			
ANR	2742686	Identifier	mux_enc		2742658	0					
ANR	2742687	PtrMemberAccess	ost -> st -> codec		2742658	1					
ANR	2742688	PtrMemberAccess	ost -> st		2742658	0					
ANR	2742689	Identifier	ost		2742658	0					
ANR	2742690	Identifier	st		2742658	1					
ANR	2742691	Identifier	codec		2742658	1					
ANR	2742692	IdentifierDeclStatement	"int nb_frames , nb0_frames , i ;"	19:4:331:359	2742658	4	True				
ANR	2742693	IdentifierDecl	nb_frames		2742658	0					
ANR	2742694	IdentifierDeclType	int		2742658	0					
ANR	2742695	Identifier	nb_frames		2742658	1					
ANR	2742696	IdentifierDecl	nb0_frames		2742658	1					
ANR	2742697	IdentifierDeclType	int		2742658	0					
ANR	2742698	Identifier	nb0_frames		2742658	1					
ANR	2742699	IdentifierDecl	i		2742658	2					
ANR	2742700	IdentifierDeclType	int		2742658	0					
ANR	2742701	Identifier	i		2742658	1					
ANR	2742702	IdentifierDeclStatement	"double delta , delta0 ;"	21:4:366:386	2742658	5	True				
ANR	2742703	IdentifierDecl	delta		2742658	0					
ANR	2742704	IdentifierDeclType	double		2742658	0					
ANR	2742705	Identifier	delta		2742658	1					
ANR	2742706	IdentifierDecl	delta0		2742658	1					
ANR	2742707	IdentifierDeclType	double		2742658	0					
ANR	2742708	Identifier	delta0		2742658	1					
ANR	2742709	IdentifierDeclStatement	double duration = 0 ;	23:4:393:412	2742658	6	True				
ANR	2742710	IdentifierDecl	duration = 0		2742658	0					
ANR	2742711	IdentifierDeclType	double		2742658	0					
ANR	2742712	Identifier	duration		2742658	1					
ANR	2742713	AssignmentExpression	duration = 0		2742658	2		=			
ANR	2742714	Identifier	duration		2742658	0					
ANR	2742715	PrimaryExpression	0		2742658	1					
ANR	2742716	IdentifierDeclStatement	int frame_size = 0 ;	25:4:419:437	2742658	7	True				
ANR	2742717	IdentifierDecl	frame_size = 0		2742658	0					
ANR	2742718	IdentifierDeclType	int		2742658	0					
ANR	2742719	Identifier	frame_size		2742658	1					
ANR	2742720	AssignmentExpression	frame_size = 0		2742658	2		=			
ANR	2742721	Identifier	frame_size		2742658	0					
ANR	2742722	PrimaryExpression	0		2742658	1					
ANR	2742723	IdentifierDeclStatement	InputStream * ist = NULL ;	27:4:444:467	2742658	8	True				
ANR	2742724	IdentifierDecl	* ist = NULL		2742658	0					
ANR	2742725	IdentifierDeclType	InputStream *		2742658	0					
ANR	2742726	Identifier	ist		2742658	1					
ANR	2742727	AssignmentExpression	* ist = NULL		2742658	2		=			
ANR	2742728	Identifier	NULL		2742658	0					
ANR	2742729	Identifier	NULL		2742658	1					
ANR	2742730	IdentifierDeclStatement	AVFilterContext * filter = ost -> filter -> filter ;	29:4:474:519	2742658	9	True				
ANR	2742731	IdentifierDecl	* filter = ost -> filter -> filter		2742658	0					
ANR	2742732	IdentifierDeclType	AVFilterContext *		2742658	0					
ANR	2742733	Identifier	filter		2742658	1					
ANR	2742734	AssignmentExpression	* filter = ost -> filter -> filter		2742658	2		=			
ANR	2742735	Identifier	filter		2742658	0					
ANR	2742736	PtrMemberAccess	ost -> filter -> filter		2742658	1					
ANR	2742737	PtrMemberAccess	ost -> filter		2742658	0					
ANR	2742738	Identifier	ost		2742658	0					
ANR	2742739	Identifier	filter		2742658	1					
ANR	2742740	Identifier	filter		2742658	1					
ANR	2742741	IfStatement	if ( ost -> source_index >= 0 )		2742658	10					
ANR	2742742	Condition	ost -> source_index >= 0	33:8:532:553	2742658	0	True				
ANR	2742743	RelationalExpression	ost -> source_index >= 0		2742658	0		>=			
ANR	2742744	PtrMemberAccess	ost -> source_index		2742658	0					
ANR	2742745	Identifier	ost		2742658	0					
ANR	2742746	Identifier	source_index		2742658	1					
ANR	2742747	PrimaryExpression	0		2742658	1					
ANR	2742748	ExpressionStatement	ist = input_streams [ ost -> source_index ]	35:8:565:603	2742658	1	True				
ANR	2742749	AssignmentExpression	ist = input_streams [ ost -> source_index ]		2742658	0		=			
ANR	2742750	Identifier	ist		2742658	0					
ANR	2742751	ArrayIndexing	input_streams [ ost -> source_index ]		2742658	1					
ANR	2742752	Identifier	input_streams		2742658	0					
ANR	2742753	PtrMemberAccess	ost -> source_index		2742658	1					
ANR	2742754	Identifier	ost		2742658	0					
ANR	2742755	Identifier	source_index		2742658	1					
ANR	2742756	IfStatement	if ( filter -> inputs [ 0 ] -> frame_rate . num > 0 && filter -> inputs [ 0 ] -> frame_rate . den > 0 )		2742658	11					
ANR	2742757	Condition	filter -> inputs [ 0 ] -> frame_rate . num > 0 && filter -> inputs [ 0 ] -> frame_rate . den > 0	39:8:616:702	2742658	0	True				
ANR	2742758	AndExpression	filter -> inputs [ 0 ] -> frame_rate . num > 0 && filter -> inputs [ 0 ] -> frame_rate . den > 0		2742658	0		&&			
ANR	2742759	RelationalExpression	filter -> inputs [ 0 ] -> frame_rate . num > 0		2742658	0		>			
ANR	2742760	MemberAccess	filter -> inputs [ 0 ] -> frame_rate . num		2742658	0					
ANR	2742761	PtrMemberAccess	filter -> inputs [ 0 ] -> frame_rate		2742658	0					
ANR	2742762	ArrayIndexing	filter -> inputs [ 0 ]		2742658	0					
ANR	2742763	PtrMemberAccess	filter -> inputs		2742658	0					
ANR	2742764	Identifier	filter		2742658	0					
ANR	2742765	Identifier	inputs		2742658	1					
ANR	2742766	PrimaryExpression	0		2742658	1					
ANR	2742767	Identifier	frame_rate		2742658	1					
ANR	2742768	Identifier	num		2742658	1					
ANR	2742769	PrimaryExpression	0		2742658	1					
ANR	2742770	RelationalExpression	filter -> inputs [ 0 ] -> frame_rate . den > 0		2742658	1		>			
ANR	2742771	MemberAccess	filter -> inputs [ 0 ] -> frame_rate . den		2742658	0					
ANR	2742772	PtrMemberAccess	filter -> inputs [ 0 ] -> frame_rate		2742658	0					
ANR	2742773	ArrayIndexing	filter -> inputs [ 0 ]		2742658	0					
ANR	2742774	PtrMemberAccess	filter -> inputs		2742658	0					
ANR	2742775	Identifier	filter		2742658	0					
ANR	2742776	Identifier	inputs		2742658	1					
ANR	2742777	PrimaryExpression	0		2742658	1					
ANR	2742778	Identifier	frame_rate		2742658	1					
ANR	2742779	Identifier	den		2742658	1					
ANR	2742780	PrimaryExpression	0		2742658	1					
ANR	2742781	ExpressionStatement	duration = 1 / ( av_q2d ( filter -> inputs [ 0 ] -> frame_rate ) * av_q2d ( enc -> time_base ) )	43:8:714:791	2742658	1	True				
ANR	2742782	AssignmentExpression	duration = 1 / ( av_q2d ( filter -> inputs [ 0 ] -> frame_rate ) * av_q2d ( enc -> time_base ) )		2742658	0		=			
ANR	2742783	Identifier	duration		2742658	0					
ANR	2742784	MultiplicativeExpression	1 / ( av_q2d ( filter -> inputs [ 0 ] -> frame_rate ) * av_q2d ( enc -> time_base ) )		2742658	1		/			
ANR	2742785	PrimaryExpression	1		2742658	0					
ANR	2742786	MultiplicativeExpression	av_q2d ( filter -> inputs [ 0 ] -> frame_rate ) * av_q2d ( enc -> time_base )		2742658	1		*			
ANR	2742787	CallExpression	av_q2d ( filter -> inputs [ 0 ] -> frame_rate )		2742658	0					
ANR	2742788	Callee	av_q2d		2742658	0					
ANR	2742789	Identifier	av_q2d		2742658	0					
ANR	2742790	ArgumentList	filter -> inputs [ 0 ] -> frame_rate		2742658	1					
ANR	2742791	Argument	filter -> inputs [ 0 ] -> frame_rate		2742658	0					
ANR	2742792	PtrMemberAccess	filter -> inputs [ 0 ] -> frame_rate		2742658	0					
ANR	2742793	ArrayIndexing	filter -> inputs [ 0 ]		2742658	0					
ANR	2742794	PtrMemberAccess	filter -> inputs		2742658	0					
ANR	2742795	Identifier	filter		2742658	0					
ANR	2742796	Identifier	inputs		2742658	1					
ANR	2742797	PrimaryExpression	0		2742658	1					
ANR	2742798	Identifier	frame_rate		2742658	1					
ANR	2742799	CallExpression	av_q2d ( enc -> time_base )		2742658	1					
ANR	2742800	Callee	av_q2d		2742658	0					
ANR	2742801	Identifier	av_q2d		2742658	0					
ANR	2742802	ArgumentList	enc -> time_base		2742658	1					
ANR	2742803	Argument	enc -> time_base		2742658	0					
ANR	2742804	PtrMemberAccess	enc -> time_base		2742658	0					
ANR	2742805	Identifier	enc		2742658	0					
ANR	2742806	Identifier	time_base		2742658	1					
ANR	2742807	IfStatement	if ( ist && ist -> st -> start_time != AV_NOPTS_VALUE && ist -> st -> first_dts != AV_NOPTS_VALUE && ost -> frame_rate . num )		2742658	12					
ANR	2742808	Condition	ist && ist -> st -> start_time != AV_NOPTS_VALUE && ist -> st -> first_dts != AV_NOPTS_VALUE && ost -> frame_rate . num	47:7:803:909	2742658	0	True				
ANR	2742809	AndExpression	ist && ist -> st -> start_time != AV_NOPTS_VALUE && ist -> st -> first_dts != AV_NOPTS_VALUE && ost -> frame_rate . num		2742658	0		&&			
ANR	2742810	Identifier	ist		2742658	0					
ANR	2742811	AndExpression	ist -> st -> start_time != AV_NOPTS_VALUE && ist -> st -> first_dts != AV_NOPTS_VALUE && ost -> frame_rate . num		2742658	1		&&			
ANR	2742812	EqualityExpression	ist -> st -> start_time != AV_NOPTS_VALUE		2742658	0		!=			
ANR	2742813	PtrMemberAccess	ist -> st -> start_time		2742658	0					
ANR	2742814	PtrMemberAccess	ist -> st		2742658	0					
ANR	2742815	Identifier	ist		2742658	0					
ANR	2742816	Identifier	st		2742658	1					
ANR	2742817	Identifier	start_time		2742658	1					
ANR	2742818	Identifier	AV_NOPTS_VALUE		2742658	1					
ANR	2742819	AndExpression	ist -> st -> first_dts != AV_NOPTS_VALUE && ost -> frame_rate . num		2742658	1		&&			
ANR	2742820	EqualityExpression	ist -> st -> first_dts != AV_NOPTS_VALUE		2742658	0		!=			
ANR	2742821	PtrMemberAccess	ist -> st -> first_dts		2742658	0					
ANR	2742822	PtrMemberAccess	ist -> st		2742658	0					
ANR	2742823	Identifier	ist		2742658	0					
ANR	2742824	Identifier	st		2742658	1					
ANR	2742825	Identifier	first_dts		2742658	1					
ANR	2742826	Identifier	AV_NOPTS_VALUE		2742658	1					
ANR	2742827	MemberAccess	ost -> frame_rate . num		2742658	1					
ANR	2742828	PtrMemberAccess	ost -> frame_rate		2742658	0					
ANR	2742829	Identifier	ost		2742658	0					
ANR	2742830	Identifier	frame_rate		2742658	1					
ANR	2742831	Identifier	num		2742658	1					
ANR	2742832	ExpressionStatement	"duration = FFMIN ( duration , 1 / ( av_q2d ( ost -> frame_rate ) * av_q2d ( enc -> time_base ) ) )"	49:8:921:1001	2742658	1	True				
ANR	2742833	AssignmentExpression	"duration = FFMIN ( duration , 1 / ( av_q2d ( ost -> frame_rate ) * av_q2d ( enc -> time_base ) ) )"		2742658	0		=			
ANR	2742834	Identifier	duration		2742658	0					
ANR	2742835	CallExpression	"FFMIN ( duration , 1 / ( av_q2d ( ost -> frame_rate ) * av_q2d ( enc -> time_base ) ) )"		2742658	1					
ANR	2742836	Callee	FFMIN		2742658	0					
ANR	2742837	Identifier	FFMIN		2742658	0					
ANR	2742838	ArgumentList	duration		2742658	1					
ANR	2742839	Argument	duration		2742658	0					
ANR	2742840	Identifier	duration		2742658	0					
ANR	2742841	Argument	1 / ( av_q2d ( ost -> frame_rate ) * av_q2d ( enc -> time_base ) )		2742658	1					
ANR	2742842	MultiplicativeExpression	1 / ( av_q2d ( ost -> frame_rate ) * av_q2d ( enc -> time_base ) )		2742658	0		/			
ANR	2742843	PrimaryExpression	1		2742658	0					
ANR	2742844	MultiplicativeExpression	av_q2d ( ost -> frame_rate ) * av_q2d ( enc -> time_base )		2742658	1		*			
ANR	2742845	CallExpression	av_q2d ( ost -> frame_rate )		2742658	0					
ANR	2742846	Callee	av_q2d		2742658	0					
ANR	2742847	Identifier	av_q2d		2742658	0					
ANR	2742848	ArgumentList	ost -> frame_rate		2742658	1					
ANR	2742849	Argument	ost -> frame_rate		2742658	0					
ANR	2742850	PtrMemberAccess	ost -> frame_rate		2742658	0					
ANR	2742851	Identifier	ost		2742658	0					
ANR	2742852	Identifier	frame_rate		2742658	1					
ANR	2742853	CallExpression	av_q2d ( enc -> time_base )		2742658	1					
ANR	2742854	Callee	av_q2d		2742658	0					
ANR	2742855	Identifier	av_q2d		2742658	0					
ANR	2742856	ArgumentList	enc -> time_base		2742658	1					
ANR	2742857	Argument	enc -> time_base		2742658	0					
ANR	2742858	PtrMemberAccess	enc -> time_base		2742658	0					
ANR	2742859	Identifier	enc		2742658	0					
ANR	2742860	Identifier	time_base		2742658	1					
ANR	2742861	IfStatement	if ( ! ost -> filters_script && ! ost -> filters && next_picture && ist && lrintf ( av_frame_get_pkt_duration ( next_picture ) * av_q2d ( ist -> st -> time_base ) / av_q2d ( enc -> time_base ) ) > 0 )		2742658	13					
ANR	2742862	Condition	! ost -> filters_script && ! ost -> filters && next_picture && ist && lrintf ( av_frame_get_pkt_duration ( next_picture ) * av_q2d ( ist -> st -> time_base ) / av_q2d ( enc -> time_base ) ) > 0	53:8:1014:1218	2742658	0	True				
ANR	2742863	AndExpression	! ost -> filters_script && ! ost -> filters && next_picture && ist && lrintf ( av_frame_get_pkt_duration ( next_picture ) * av_q2d ( ist -> st -> time_base ) / av_q2d ( enc -> time_base ) ) > 0		2742658	0		&&			
ANR	2742864	UnaryOperationExpression	! ost -> filters_script		2742658	0					
ANR	2742865	UnaryOperator	!		2742658	0					
ANR	2742866	PtrMemberAccess	ost -> filters_script		2742658	1					
ANR	2742867	Identifier	ost		2742658	0					
ANR	2742868	Identifier	filters_script		2742658	1					
ANR	2742869	AndExpression	! ost -> filters && next_picture && ist && lrintf ( av_frame_get_pkt_duration ( next_picture ) * av_q2d ( ist -> st -> time_base ) / av_q2d ( enc -> time_base ) ) > 0		2742658	1		&&			
ANR	2742870	UnaryOperationExpression	! ost -> filters		2742658	0					
ANR	2742871	UnaryOperator	!		2742658	0					
ANR	2742872	PtrMemberAccess	ost -> filters		2742658	1					
ANR	2742873	Identifier	ost		2742658	0					
ANR	2742874	Identifier	filters		2742658	1					
ANR	2742875	AndExpression	next_picture && ist && lrintf ( av_frame_get_pkt_duration ( next_picture ) * av_q2d ( ist -> st -> time_base ) / av_q2d ( enc -> time_base ) ) > 0		2742658	1		&&			
ANR	2742876	Identifier	next_picture		2742658	0					
ANR	2742877	AndExpression	ist && lrintf ( av_frame_get_pkt_duration ( next_picture ) * av_q2d ( ist -> st -> time_base ) / av_q2d ( enc -> time_base ) ) > 0		2742658	1		&&			
ANR	2742878	Identifier	ist		2742658	0					
ANR	2742879	RelationalExpression	lrintf ( av_frame_get_pkt_duration ( next_picture ) * av_q2d ( ist -> st -> time_base ) / av_q2d ( enc -> time_base ) ) > 0		2742658	1		>			
ANR	2742880	CallExpression	lrintf ( av_frame_get_pkt_duration ( next_picture ) * av_q2d ( ist -> st -> time_base ) / av_q2d ( enc -> time_base ) )		2742658	0					
ANR	2742881	Callee	lrintf		2742658	0					
ANR	2742882	Identifier	lrintf		2742658	0					
ANR	2742883	ArgumentList	av_frame_get_pkt_duration ( next_picture ) * av_q2d ( ist -> st -> time_base ) / av_q2d ( enc -> time_base )		2742658	1					
ANR	2742884	Argument	av_frame_get_pkt_duration ( next_picture ) * av_q2d ( ist -> st -> time_base ) / av_q2d ( enc -> time_base )		2742658	0					
ANR	2742885	MultiplicativeExpression	av_frame_get_pkt_duration ( next_picture ) * av_q2d ( ist -> st -> time_base ) / av_q2d ( enc -> time_base )		2742658	0		*			
ANR	2742886	CallExpression	av_frame_get_pkt_duration ( next_picture )		2742658	0					
ANR	2742887	Callee	av_frame_get_pkt_duration		2742658	0					
ANR	2742888	Identifier	av_frame_get_pkt_duration		2742658	0					
ANR	2742889	ArgumentList	next_picture		2742658	1					
ANR	2742890	Argument	next_picture		2742658	0					
ANR	2742891	Identifier	next_picture		2742658	0					
ANR	2742892	MultiplicativeExpression	av_q2d ( ist -> st -> time_base ) / av_q2d ( enc -> time_base )		2742658	1		/			
ANR	2742893	CallExpression	av_q2d ( ist -> st -> time_base )		2742658	0					
ANR	2742894	Callee	av_q2d		2742658	0					
ANR	2742895	Identifier	av_q2d		2742658	0					
ANR	2742896	ArgumentList	ist -> st -> time_base		2742658	1					
ANR	2742897	Argument	ist -> st -> time_base		2742658	0					
ANR	2742898	PtrMemberAccess	ist -> st -> time_base		2742658	0					
ANR	2742899	PtrMemberAccess	ist -> st		2742658	0					
ANR	2742900	Identifier	ist		2742658	0					
ANR	2742901	Identifier	st		2742658	1					
ANR	2742902	Identifier	time_base		2742658	1					
ANR	2742903	CallExpression	av_q2d ( enc -> time_base )		2742658	1					
ANR	2742904	Callee	av_q2d		2742658	0					
ANR	2742905	Identifier	av_q2d		2742658	0					
ANR	2742906	ArgumentList	enc -> time_base		2742658	1					
ANR	2742907	Argument	enc -> time_base		2742658	0					
ANR	2742908	PtrMemberAccess	enc -> time_base		2742658	0					
ANR	2742909	Identifier	enc		2742658	0					
ANR	2742910	Identifier	time_base		2742658	1					
ANR	2742911	PrimaryExpression	0		2742658	1					
ANR	2742912	CompoundStatement		53:115:1036:1036	2742658	1					
ANR	2742913	ExpressionStatement	duration = lrintf ( av_frame_get_pkt_duration ( next_picture ) * av_q2d ( ist -> st -> time_base ) / av_q2d ( enc -> time_base ) )	63:8:1232:1344	2742658	0	True				
ANR	2742914	AssignmentExpression	duration = lrintf ( av_frame_get_pkt_duration ( next_picture ) * av_q2d ( ist -> st -> time_base ) / av_q2d ( enc -> time_base ) )		2742658	0		=			
ANR	2742915	Identifier	duration		2742658	0					
ANR	2742916	CallExpression	lrintf ( av_frame_get_pkt_duration ( next_picture ) * av_q2d ( ist -> st -> time_base ) / av_q2d ( enc -> time_base ) )		2742658	1					
ANR	2742917	Callee	lrintf		2742658	0					
ANR	2742918	Identifier	lrintf		2742658	0					
ANR	2742919	ArgumentList	av_frame_get_pkt_duration ( next_picture ) * av_q2d ( ist -> st -> time_base ) / av_q2d ( enc -> time_base )		2742658	1					
ANR	2742920	Argument	av_frame_get_pkt_duration ( next_picture ) * av_q2d ( ist -> st -> time_base ) / av_q2d ( enc -> time_base )		2742658	0					
ANR	2742921	MultiplicativeExpression	av_frame_get_pkt_duration ( next_picture ) * av_q2d ( ist -> st -> time_base ) / av_q2d ( enc -> time_base )		2742658	0		*			
ANR	2742922	CallExpression	av_frame_get_pkt_duration ( next_picture )		2742658	0					
ANR	2742923	Callee	av_frame_get_pkt_duration		2742658	0					
ANR	2742924	Identifier	av_frame_get_pkt_duration		2742658	0					
ANR	2742925	ArgumentList	next_picture		2742658	1					
ANR	2742926	Argument	next_picture		2742658	0					
ANR	2742927	Identifier	next_picture		2742658	0					
ANR	2742928	MultiplicativeExpression	av_q2d ( ist -> st -> time_base ) / av_q2d ( enc -> time_base )		2742658	1		/			
ANR	2742929	CallExpression	av_q2d ( ist -> st -> time_base )		2742658	0					
ANR	2742930	Callee	av_q2d		2742658	0					
ANR	2742931	Identifier	av_q2d		2742658	0					
ANR	2742932	ArgumentList	ist -> st -> time_base		2742658	1					
ANR	2742933	Argument	ist -> st -> time_base		2742658	0					
ANR	2742934	PtrMemberAccess	ist -> st -> time_base		2742658	0					
ANR	2742935	PtrMemberAccess	ist -> st		2742658	0					
ANR	2742936	Identifier	ist		2742658	0					
ANR	2742937	Identifier	st		2742658	1					
ANR	2742938	Identifier	time_base		2742658	1					
ANR	2742939	CallExpression	av_q2d ( enc -> time_base )		2742658	1					
ANR	2742940	Callee	av_q2d		2742658	0					
ANR	2742941	Identifier	av_q2d		2742658	0					
ANR	2742942	ArgumentList	enc -> time_base		2742658	1					
ANR	2742943	Argument	enc -> time_base		2742658	0					
ANR	2742944	PtrMemberAccess	enc -> time_base		2742658	0					
ANR	2742945	Identifier	enc		2742658	0					
ANR	2742946	Identifier	time_base		2742658	1					
ANR	2742947	IfStatement	if ( ! next_picture )		2742658	14					
ANR	2742948	Condition	! next_picture	69:8:1364:1376	2742658	0	True				
ANR	2742949	UnaryOperationExpression	! next_picture		2742658	0					
ANR	2742950	UnaryOperator	!		2742658	0					
ANR	2742951	Identifier	next_picture		2742658	1					
ANR	2742952	CompoundStatement		61:23:1194:1194	2742658	1					
ANR	2742953	ExpressionStatement	"nb0_frames = nb_frames = mid_pred ( ost -> last_nb0_frames [ 0 ] , ost -> last_nb0_frames [ 1 ] , ost -> last_nb0_frames [ 2 ] )"	73:8:1415:1609	2742658	0	True				
ANR	2742954	AssignmentExpression	"nb0_frames = nb_frames = mid_pred ( ost -> last_nb0_frames [ 0 ] , ost -> last_nb0_frames [ 1 ] , ost -> last_nb0_frames [ 2 ] )"		2742658	0		=			
ANR	2742955	Identifier	nb0_frames		2742658	0					
ANR	2742956	AssignmentExpression	"nb_frames = mid_pred ( ost -> last_nb0_frames [ 0 ] , ost -> last_nb0_frames [ 1 ] , ost -> last_nb0_frames [ 2 ] )"		2742658	1		=			
ANR	2742957	Identifier	nb_frames		2742658	0					
ANR	2742958	CallExpression	"mid_pred ( ost -> last_nb0_frames [ 0 ] , ost -> last_nb0_frames [ 1 ] , ost -> last_nb0_frames [ 2 ] )"		2742658	1					
ANR	2742959	Callee	mid_pred		2742658	0					
ANR	2742960	Identifier	mid_pred		2742658	0					
ANR	2742961	ArgumentList	ost -> last_nb0_frames [ 0 ]		2742658	1					
ANR	2742962	Argument	ost -> last_nb0_frames [ 0 ]		2742658	0					
ANR	2742963	ArrayIndexing	ost -> last_nb0_frames [ 0 ]		2742658	0					
ANR	2742964	PtrMemberAccess	ost -> last_nb0_frames		2742658	0					
ANR	2742965	Identifier	ost		2742658	0					
ANR	2742966	Identifier	last_nb0_frames		2742658	1					
ANR	2742967	PrimaryExpression	0		2742658	1					
ANR	2742968	Argument	ost -> last_nb0_frames [ 1 ]		2742658	1					
ANR	2742969	ArrayIndexing	ost -> last_nb0_frames [ 1 ]		2742658	0					
ANR	2742970	PtrMemberAccess	ost -> last_nb0_frames		2742658	0					
ANR	2742971	Identifier	ost		2742658	0					
ANR	2742972	Identifier	last_nb0_frames		2742658	1					
ANR	2742973	PrimaryExpression	1		2742658	1					
ANR	2742974	Argument	ost -> last_nb0_frames [ 2 ]		2742658	2					
ANR	2742975	ArrayIndexing	ost -> last_nb0_frames [ 2 ]		2742658	0					
ANR	2742976	PtrMemberAccess	ost -> last_nb0_frames		2742658	0					
ANR	2742977	Identifier	ost		2742658	0					
ANR	2742978	Identifier	last_nb0_frames		2742658	1					
ANR	2742979	PrimaryExpression	2		2742658	1					
ANR	2742980	ElseStatement	else		2742658	0					
ANR	2742981	CompoundStatement		71:11:1438:1438	2742658	0					
ANR	2742982	ExpressionStatement	delta0 = sync_ipts - ost -> sync_opts	81:8:1634:1669	2742658	0	True				
ANR	2742983	AssignmentExpression	delta0 = sync_ipts - ost -> sync_opts		2742658	0		=			
ANR	2742984	Identifier	delta0		2742658	0					
ANR	2742985	AdditiveExpression	sync_ipts - ost -> sync_opts		2742658	1		-			
ANR	2742986	Identifier	sync_ipts		2742658	0					
ANR	2742987	PtrMemberAccess	ost -> sync_opts		2742658	1					
ANR	2742988	Identifier	ost		2742658	0					
ANR	2742989	Identifier	sync_opts		2742658	1					
ANR	2742990	ExpressionStatement	delta = delta0 + duration	83:8:1680:1706	2742658	1	True				
ANR	2742991	AssignmentExpression	delta = delta0 + duration		2742658	0		=			
ANR	2742992	Identifier	delta		2742658	0					
ANR	2742993	AdditiveExpression	delta0 + duration		2742658	1		+			
ANR	2742994	Identifier	delta0		2742658	0					
ANR	2742995	Identifier	duration		2742658	1					
ANR	2742996	ExpressionStatement	nb0_frames = 0	89:8:1771:1785	2742658	2	True				
ANR	2742997	AssignmentExpression	nb0_frames = 0		2742658	0		=			
ANR	2742998	Identifier	nb0_frames		2742658	0					
ANR	2742999	PrimaryExpression	0		2742658	1					
ANR	2743000	ExpressionStatement	nb_frames = 1	91:8:1796:1809	2742658	3	True				
ANR	2743001	AssignmentExpression	nb_frames = 1		2742658	0		=			
ANR	2743002	Identifier	nb_frames		2742658	0					
ANR	2743003	PrimaryExpression	1		2742658	1					
ANR	2743004	ExpressionStatement	format_video_sync = video_sync_method	95:8:1822:1859	2742658	4	True				
ANR	2743005	AssignmentExpression	format_video_sync = video_sync_method		2742658	0		=			
ANR	2743006	Identifier	format_video_sync		2742658	0					
ANR	2743007	Identifier	video_sync_method		2742658	1					
ANR	2743008	IfStatement	if ( format_video_sync == VSYNC_AUTO )		2742658	5					
ANR	2743009	Condition	format_video_sync == VSYNC_AUTO	97:12:1874:1904	2742658	0	True				
ANR	2743010	EqualityExpression	format_video_sync == VSYNC_AUTO		2742658	0		==			
ANR	2743011	Identifier	format_video_sync		2742658	0					
ANR	2743012	Identifier	VSYNC_AUTO		2742658	1					
ANR	2743013	CompoundStatement		89:45:1722:1722	2742658	1					
ANR	2743014	IfStatement	"if ( ! strcmp ( s -> oformat -> name , ""avi"" ) )"		2742658	0					
ANR	2743015	Condition	"! strcmp ( s -> oformat -> name , ""avi"" )"	99:15:1925:1956	2742658	0	True				
ANR	2743016	UnaryOperationExpression	"! strcmp ( s -> oformat -> name , ""avi"" )"		2742658	0					
ANR	2743017	UnaryOperator	!		2742658	0					
ANR	2743018	CallExpression	"strcmp ( s -> oformat -> name , ""avi"" )"		2742658	1					
ANR	2743019	Callee	strcmp		2742658	0					
ANR	2743020	Identifier	strcmp		2742658	0					
ANR	2743021	ArgumentList	s -> oformat -> name		2742658	1					
ANR	2743022	Argument	s -> oformat -> name		2742658	0					
ANR	2743023	PtrMemberAccess	s -> oformat -> name		2742658	0					
ANR	2743024	PtrMemberAccess	s -> oformat		2742658	0					
ANR	2743025	Identifier	s		2742658	0					
ANR	2743026	Identifier	oformat		2742658	1					
ANR	2743027	Identifier	name		2742658	1					
ANR	2743028	Argument	"""avi"""		2742658	1					
ANR	2743029	PrimaryExpression	"""avi"""		2742658	0					
ANR	2743030	CompoundStatement		91:49:1774:1774	2742658	1					
ANR	2743031	ExpressionStatement	format_video_sync = VSYNC_VFR	101:16:1978:2007	2742658	0	True				
ANR	2743032	AssignmentExpression	format_video_sync = VSYNC_VFR		2742658	0		=			
ANR	2743033	Identifier	format_video_sync		2742658	0					
ANR	2743034	Identifier	VSYNC_VFR		2742658	1					
ANR	2743035	ElseStatement	else		2742658	0					
ANR	2743036	ExpressionStatement	format_video_sync = ( s -> oformat -> flags & AVFMT_VARIABLE_FPS ) ? ( ( s -> oformat -> flags & AVFMT_NOTIMESTAMPS ) ? VSYNC_PASSTHROUGH : VSYNC_VFR ) : VSYNC_CFR	105:16:2046:2195	2742658	0	True				
ANR	2743037	AssignmentExpression	format_video_sync = ( s -> oformat -> flags & AVFMT_VARIABLE_FPS ) ? ( ( s -> oformat -> flags & AVFMT_NOTIMESTAMPS ) ? VSYNC_PASSTHROUGH : VSYNC_VFR ) : VSYNC_CFR		2742658	0		=			
ANR	2743038	Identifier	format_video_sync		2742658	0					
ANR	2743039	ConditionalExpression	( s -> oformat -> flags & AVFMT_VARIABLE_FPS ) ? ( ( s -> oformat -> flags & AVFMT_NOTIMESTAMPS ) ? VSYNC_PASSTHROUGH : VSYNC_VFR ) : VSYNC_CFR		2742658	1					
ANR	2743040	Condition	s -> oformat -> flags & AVFMT_VARIABLE_FPS		2742658	0					
ANR	2743041	BitAndExpression	s -> oformat -> flags & AVFMT_VARIABLE_FPS		2742658	0		&			
ANR	2743042	PtrMemberAccess	s -> oformat -> flags		2742658	0					
ANR	2743043	PtrMemberAccess	s -> oformat		2742658	0					
ANR	2743044	Identifier	s		2742658	0					
ANR	2743045	Identifier	oformat		2742658	1					
ANR	2743046	Identifier	flags		2742658	1					
ANR	2743047	Identifier	AVFMT_VARIABLE_FPS		2742658	1					
ANR	2743048	ConditionalExpression	( s -> oformat -> flags & AVFMT_NOTIMESTAMPS ) ? VSYNC_PASSTHROUGH : VSYNC_VFR		2742658	1					
ANR	2743049	Condition	s -> oformat -> flags & AVFMT_NOTIMESTAMPS		2742658	0					
ANR	2743050	BitAndExpression	s -> oformat -> flags & AVFMT_NOTIMESTAMPS		2742658	0		&			
ANR	2743051	PtrMemberAccess	s -> oformat -> flags		2742658	0					
ANR	2743052	PtrMemberAccess	s -> oformat		2742658	0					
ANR	2743053	Identifier	s		2742658	0					
ANR	2743054	Identifier	oformat		2742658	1					
ANR	2743055	Identifier	flags		2742658	1					
ANR	2743056	Identifier	AVFMT_NOTIMESTAMPS		2742658	1					
ANR	2743057	Identifier	VSYNC_PASSTHROUGH		2742658	1					
ANR	2743058	Identifier	VSYNC_VFR		2742658	2					
ANR	2743059	Identifier	VSYNC_CFR		2742658	2					
ANR	2743060	IfStatement	if ( ist && format_video_sync == VSYNC_CFR && input_files [ ist -> file_index ] -> ctx -> nb_streams == 1 && input_files [ ist -> file_index ] -> input_ts_offset == 0 )		2742658	1					
ANR	2743061	Condition	ist && format_video_sync == VSYNC_CFR && input_files [ ist -> file_index ] -> ctx -> nb_streams == 1 && input_files [ ist -> file_index ] -> input_ts_offset == 0	107:19:2217:2412	2742658	0	True				
ANR	2743062	AndExpression	ist && format_video_sync == VSYNC_CFR && input_files [ ist -> file_index ] -> ctx -> nb_streams == 1 && input_files [ ist -> file_index ] -> input_ts_offset == 0		2742658	0		&&			
ANR	2743063	Identifier	ist		2742658	0					
ANR	2743064	AndExpression	format_video_sync == VSYNC_CFR && input_files [ ist -> file_index ] -> ctx -> nb_streams == 1 && input_files [ ist -> file_index ] -> input_ts_offset == 0		2742658	1		&&			
ANR	2743065	EqualityExpression	format_video_sync == VSYNC_CFR		2742658	0		==			
ANR	2743066	Identifier	format_video_sync		2742658	0					
ANR	2743067	Identifier	VSYNC_CFR		2742658	1					
ANR	2743068	AndExpression	input_files [ ist -> file_index ] -> ctx -> nb_streams == 1 && input_files [ ist -> file_index ] -> input_ts_offset == 0		2742658	1		&&			
ANR	2743069	EqualityExpression	input_files [ ist -> file_index ] -> ctx -> nb_streams == 1		2742658	0		==			
ANR	2743070	PtrMemberAccess	input_files [ ist -> file_index ] -> ctx -> nb_streams		2742658	0					
ANR	2743071	PtrMemberAccess	input_files [ ist -> file_index ] -> ctx		2742658	0					
ANR	2743072	ArrayIndexing	input_files [ ist -> file_index ]		2742658	0					
ANR	2743073	Identifier	input_files		2742658	0					
ANR	2743074	PtrMemberAccess	ist -> file_index		2742658	1					
ANR	2743075	Identifier	ist		2742658	0					
ANR	2743076	Identifier	file_index		2742658	1					
ANR	2743077	Identifier	ctx		2742658	1					
ANR	2743078	Identifier	nb_streams		2742658	1					
ANR	2743079	PrimaryExpression	1		2742658	1					
ANR	2743080	EqualityExpression	input_files [ ist -> file_index ] -> input_ts_offset == 0		2742658	1		==			
ANR	2743081	PtrMemberAccess	input_files [ ist -> file_index ] -> input_ts_offset		2742658	0					
ANR	2743082	ArrayIndexing	input_files [ ist -> file_index ]		2742658	0					
ANR	2743083	Identifier	input_files		2742658	0					
ANR	2743084	PtrMemberAccess	ist -> file_index		2742658	1					
ANR	2743085	Identifier	ist		2742658	0					
ANR	2743086	Identifier	file_index		2742658	1					
ANR	2743087	Identifier	input_ts_offset		2742658	1					
ANR	2743088	PrimaryExpression	0		2742658	1					
ANR	2743089	CompoundStatement		105:71:2230:2230	2742658	1					
ANR	2743090	ExpressionStatement	format_video_sync = VSYNC_VSCFR	115:16:2434:2465	2742658	0	True				
ANR	2743091	AssignmentExpression	format_video_sync = VSYNC_VSCFR		2742658	0		=			
ANR	2743092	Identifier	format_video_sync		2742658	0					
ANR	2743093	Identifier	VSYNC_VSCFR		2742658	1					
ANR	2743094	IfStatement	if ( format_video_sync == VSYNC_CFR && copy_ts )		2742658	2					
ANR	2743095	Condition	format_video_sync == VSYNC_CFR && copy_ts	119:16:2499:2539	2742658	0	True				
ANR	2743096	AndExpression	format_video_sync == VSYNC_CFR && copy_ts		2742658	0		&&			
ANR	2743097	EqualityExpression	format_video_sync == VSYNC_CFR		2742658	0		==			
ANR	2743098	Identifier	format_video_sync		2742658	0					
ANR	2743099	Identifier	VSYNC_CFR		2742658	1					
ANR	2743100	Identifier	copy_ts		2742658	1					
ANR	2743101	CompoundStatement		111:59:2357:2357	2742658	1					
ANR	2743102	ExpressionStatement	format_video_sync = VSYNC_VSCFR	121:16:2561:2592	2742658	0	True				
ANR	2743103	AssignmentExpression	format_video_sync = VSYNC_VSCFR		2742658	0		=			
ANR	2743104	Identifier	format_video_sync		2742658	0					
ANR	2743105	Identifier	VSYNC_VSCFR		2742658	1					
ANR	2743106	IfStatement	if ( delta0 < 0 && delta > 0 && format_video_sync != VSYNC_PASSTHROUGH && format_video_sync != VSYNC_DROP )		2742658	6					
ANR	2743107	Condition	delta0 < 0 && delta > 0 && format_video_sync != VSYNC_PASSTHROUGH && format_video_sync != VSYNC_DROP	129:12:2635:2773	2742658	0	True				
ANR	2743108	AndExpression	delta0 < 0 && delta > 0 && format_video_sync != VSYNC_PASSTHROUGH && format_video_sync != VSYNC_DROP		2742658	0		&&			
ANR	2743109	RelationalExpression	delta0 < 0		2742658	0		<			
ANR	2743110	Identifier	delta0		2742658	0					
ANR	2743111	PrimaryExpression	0		2742658	1					
ANR	2743112	AndExpression	delta > 0 && format_video_sync != VSYNC_PASSTHROUGH && format_video_sync != VSYNC_DROP		2742658	1		&&			
ANR	2743113	RelationalExpression	delta > 0		2742658	0		>			
ANR	2743114	Identifier	delta		2742658	0					
ANR	2743115	PrimaryExpression	0		2742658	1					
ANR	2743116	AndExpression	format_video_sync != VSYNC_PASSTHROUGH && format_video_sync != VSYNC_DROP		2742658	1		&&			
ANR	2743117	EqualityExpression	format_video_sync != VSYNC_PASSTHROUGH		2742658	0		!=			
ANR	2743118	Identifier	format_video_sync		2742658	0					
ANR	2743119	Identifier	VSYNC_PASSTHROUGH		2742658	1					
ANR	2743120	EqualityExpression	format_video_sync != VSYNC_DROP		2742658	1		!=			
ANR	2743121	Identifier	format_video_sync		2742658	0					
ANR	2743122	Identifier	VSYNC_DROP		2742658	1					
ANR	2743123	CompoundStatement		129:12:2606:2643	2742658	1					
ANR	2743124	IdentifierDeclStatement	"double cor = FFMIN ( - delta0 , duration ) ;"	137:12:2791:2828	2742658	0	True				
ANR	2743125	IdentifierDecl	"cor = FFMIN ( - delta0 , duration )"		2742658	0					
ANR	2743126	IdentifierDeclType	double		2742658	0					
ANR	2743127	Identifier	cor		2742658	1					
ANR	2743128	AssignmentExpression	"cor = FFMIN ( - delta0 , duration )"		2742658	2		=			
ANR	2743129	Identifier	cor		2742658	0					
ANR	2743130	CallExpression	"FFMIN ( - delta0 , duration )"		2742658	1					
ANR	2743131	Callee	FFMIN		2742658	0					
ANR	2743132	Identifier	FFMIN		2742658	0					
ANR	2743133	ArgumentList	- delta0		2742658	1					
ANR	2743134	Argument	- delta0		2742658	0					
ANR	2743135	UnaryOperationExpression	- delta0		2742658	0					
ANR	2743136	UnaryOperator	-		2742658	0					
ANR	2743137	Identifier	delta0		2742658	1					
ANR	2743138	Argument	duration		2742658	1					
ANR	2743139	Identifier	duration		2742658	0					
ANR	2743140	IfStatement	if ( delta0 < - 0.6 )		2742658	1					
ANR	2743141	Condition	delta0 < - 0.6	139:16:2847:2859	2742658	0	True				
ANR	2743142	RelationalExpression	delta0 < - 0.6		2742658	0		<			
ANR	2743143	Identifier	delta0		2742658	0					
ANR	2743144	UnaryOperationExpression	- 0.6		2742658	1					
ANR	2743145	UnaryOperator	-		2742658	0					
ANR	2743146	PrimaryExpression	0.6		2742658	1					
ANR	2743147	CompoundStatement		131:31:2677:2677	2742658	1					
ANR	2743148	ExpressionStatement	"av_log ( NULL , AV_LOG_WARNING , ""Past duration %f too large\\n"" , - delta0 )"	141:16:2881:2950	2742658	0	True				
ANR	2743149	CallExpression	"av_log ( NULL , AV_LOG_WARNING , ""Past duration %f too large\\n"" , - delta0 )"		2742658	0					
ANR	2743150	Callee	av_log		2742658	0					
ANR	2743151	Identifier	av_log		2742658	0					
ANR	2743152	ArgumentList	NULL		2742658	1					
ANR	2743153	Argument	NULL		2742658	0					
ANR	2743154	Identifier	NULL		2742658	0					
ANR	2743155	Argument	AV_LOG_WARNING		2742658	1					
ANR	2743156	Identifier	AV_LOG_WARNING		2742658	0					
ANR	2743157	Argument	"""Past duration %f too large\\n"""		2742658	2					
ANR	2743158	PrimaryExpression	"""Past duration %f too large\\n"""		2742658	0					
ANR	2743159	Argument	- delta0		2742658	3					
ANR	2743160	UnaryOperationExpression	- delta0		2742658	0					
ANR	2743161	UnaryOperator	-		2742658	0					
ANR	2743162	Identifier	delta0		2742658	1					
ANR	2743163	ElseStatement	else		2742658	0					
ANR	2743164	ExpressionStatement	"av_log ( NULL , AV_LOG_DEBUG , ""Cliping frame in rate conversion by %f\\n"" , - delta0 )"	145:16:2989:3068	2742658	0	True				
ANR	2743165	CallExpression	"av_log ( NULL , AV_LOG_DEBUG , ""Cliping frame in rate conversion by %f\\n"" , - delta0 )"		2742658	0					
ANR	2743166	Callee	av_log		2742658	0					
ANR	2743167	Identifier	av_log		2742658	0					
ANR	2743168	ArgumentList	NULL		2742658	1					
ANR	2743169	Argument	NULL		2742658	0					
ANR	2743170	Identifier	NULL		2742658	0					
ANR	2743171	Argument	AV_LOG_DEBUG		2742658	1					
ANR	2743172	Identifier	AV_LOG_DEBUG		2742658	0					
ANR	2743173	Argument	"""Cliping frame in rate conversion by %f\\n"""		2742658	2					
ANR	2743174	PrimaryExpression	"""Cliping frame in rate conversion by %f\\n"""		2742658	0					
ANR	2743175	Argument	- delta0		2742658	3					
ANR	2743176	UnaryOperationExpression	- delta0		2742658	0					
ANR	2743177	UnaryOperator	-		2742658	0					
ANR	2743178	Identifier	delta0		2742658	1					
ANR	2743179	ExpressionStatement	sync_ipts += cor	147:12:3083:3099	2742658	2	True				
ANR	2743180	AssignmentExpression	sync_ipts += cor		2742658	0		+=			
ANR	2743181	Identifier	sync_ipts		2742658	0					
ANR	2743182	Identifier	cor		2742658	1					
ANR	2743183	ExpressionStatement	duration -= cor	149:12:3114:3129	2742658	3	True				
ANR	2743184	AssignmentExpression	duration -= cor		2742658	0		-=			
ANR	2743185	Identifier	duration		2742658	0					
ANR	2743186	Identifier	cor		2742658	1					
ANR	2743187	ExpressionStatement	delta0 += cor	151:12:3144:3157	2742658	4	True				
ANR	2743188	AssignmentExpression	delta0 += cor		2742658	0		+=			
ANR	2743189	Identifier	delta0		2742658	0					
ANR	2743190	Identifier	cor		2742658	1					
ANR	2743191	SwitchStatement	switch ( format_video_sync )		2742658	7					
ANR	2743192	Condition	format_video_sync	157:16:3189:3205	2742658	0	True				
ANR	2743193	Identifier	format_video_sync		2742658	0					
ANR	2743194	CompoundStatement		149:35:3023:3023	2742658	1					
ANR	2743195	Label	case VSYNC_VSCFR :	159:8:3219:3235	2742658	0	True				
ANR	2743196	Identifier	VSYNC_VSCFR		2742658	0					
ANR	2743197	IfStatement	if ( ost -> frame_number == 0 && delta - duration >= 0.5 )		2742658	1					
ANR	2743198	Condition	ost -> frame_number == 0 && delta - duration >= 0.5	161:16:3254:3302	2742658	0	True				
ANR	2743199	AndExpression	ost -> frame_number == 0 && delta - duration >= 0.5		2742658	0		&&			
ANR	2743200	EqualityExpression	ost -> frame_number == 0		2742658	0		==			
ANR	2743201	PtrMemberAccess	ost -> frame_number		2742658	0					
ANR	2743202	Identifier	ost		2742658	0					
ANR	2743203	Identifier	frame_number		2742658	1					
ANR	2743204	PrimaryExpression	0		2742658	1					
ANR	2743205	RelationalExpression	delta - duration >= 0.5		2742658	1		>=			
ANR	2743206	AdditiveExpression	delta - duration		2742658	0		-			
ANR	2743207	Identifier	delta		2742658	0					
ANR	2743208	Identifier	duration		2742658	1					
ANR	2743209	PrimaryExpression	0.5		2742658	1					
ANR	2743210	CompoundStatement		153:67:3120:3120	2742658	1					
ANR	2743211	ExpressionStatement	"av_log ( NULL , AV_LOG_DEBUG , ""Not duplicating %d initial frames\\n"" , ( int ) lrintf ( delta - duration ) )"	163:16:3324:3420	2742658	0	True				
ANR	2743212	CallExpression	"av_log ( NULL , AV_LOG_DEBUG , ""Not duplicating %d initial frames\\n"" , ( int ) lrintf ( delta - duration ) )"		2742658	0					
ANR	2743213	Callee	av_log		2742658	0					
ANR	2743214	Identifier	av_log		2742658	0					
ANR	2743215	ArgumentList	NULL		2742658	1					
ANR	2743216	Argument	NULL		2742658	0					
ANR	2743217	Identifier	NULL		2742658	0					
ANR	2743218	Argument	AV_LOG_DEBUG		2742658	1					
ANR	2743219	Identifier	AV_LOG_DEBUG		2742658	0					
ANR	2743220	Argument	"""Not duplicating %d initial frames\\n"""		2742658	2					
ANR	2743221	PrimaryExpression	"""Not duplicating %d initial frames\\n"""		2742658	0					
ANR	2743222	Argument	( int ) lrintf ( delta - duration )		2742658	3					
ANR	2743223	CastExpression	( int ) lrintf ( delta - duration )		2742658	0					
ANR	2743224	CastTarget	int		2742658	0					
ANR	2743225	CallExpression	lrintf ( delta - duration )		2742658	1					
ANR	2743226	Callee	lrintf		2742658	0					
ANR	2743227	Identifier	lrintf		2742658	0					
ANR	2743228	ArgumentList	delta - duration		2742658	1					
ANR	2743229	Argument	delta - duration		2742658	0					
ANR	2743230	AdditiveExpression	delta - duration		2742658	0		-			
ANR	2743231	Identifier	delta		2742658	0					
ANR	2743232	Identifier	duration		2742658	1					
ANR	2743233	ExpressionStatement	delta = duration	165:16:3439:3455	2742658	1	True				
ANR	2743234	AssignmentExpression	delta = duration		2742658	0		=			
ANR	2743235	Identifier	delta		2742658	0					
ANR	2743236	Identifier	duration		2742658	1					
ANR	2743237	ExpressionStatement	delta0 = 0	167:16:3474:3484	2742658	2	True				
ANR	2743238	AssignmentExpression	delta0 = 0		2742658	0		=			
ANR	2743239	Identifier	delta0		2742658	0					
ANR	2743240	PrimaryExpression	0		2742658	1					
ANR	2743241	ExpressionStatement	ost -> sync_opts = lrint ( sync_ipts )	169:16:3503:3536	2742658	3	True				
ANR	2743242	AssignmentExpression	ost -> sync_opts = lrint ( sync_ipts )		2742658	0		=			
ANR	2743243	PtrMemberAccess	ost -> sync_opts		2742658	0					
ANR	2743244	Identifier	ost		2742658	0					
ANR	2743245	Identifier	sync_opts		2742658	1					
ANR	2743246	CallExpression	lrint ( sync_ipts )		2742658	1					
ANR	2743247	Callee	lrint		2742658	0					
ANR	2743248	Identifier	lrint		2742658	0					
ANR	2743249	ArgumentList	sync_ipts		2742658	1					
ANR	2743250	Argument	sync_ipts		2742658	0					
ANR	2743251	Identifier	sync_ipts		2742658	0					
ANR	2743252	Label	case VSYNC_CFR :	173:8:3562:3576	2742658	2	True				
ANR	2743253	Identifier	VSYNC_CFR		2742658	0					
ANR	2743254	IfStatement	if ( frame_drop_threshold && delta < frame_drop_threshold && ost -> frame_number )		2742658	3					
ANR	2743255	Condition	frame_drop_threshold && delta < frame_drop_threshold && ost -> frame_number	177:16:3676:3748	2742658	0	True				
ANR	2743256	AndExpression	frame_drop_threshold && delta < frame_drop_threshold && ost -> frame_number		2742658	0		&&			
ANR	2743257	Identifier	frame_drop_threshold		2742658	0					
ANR	2743258	AndExpression	delta < frame_drop_threshold && ost -> frame_number		2742658	1		&&			
ANR	2743259	RelationalExpression	delta < frame_drop_threshold		2742658	0		<			
ANR	2743260	Identifier	delta		2742658	0					
ANR	2743261	Identifier	frame_drop_threshold		2742658	1					
ANR	2743262	PtrMemberAccess	ost -> frame_number		2742658	1					
ANR	2743263	Identifier	ost		2742658	0					
ANR	2743264	Identifier	frame_number		2742658	1					
ANR	2743265	CompoundStatement		169:91:3566:3566	2742658	1					
ANR	2743266	ExpressionStatement	nb_frames = 0	179:16:3770:3783	2742658	0	True				
ANR	2743267	AssignmentExpression	nb_frames = 0		2742658	0		=			
ANR	2743268	Identifier	nb_frames		2742658	0					
ANR	2743269	PrimaryExpression	0		2742658	1					
ANR	2743270	ElseStatement	else		2742658	0					
ANR	2743271	IfStatement	if ( delta < - 1.1 )		2742658	0					
ANR	2743272	Condition	delta < - 1.1	181:23:3809:3820	2742658	0	True				
ANR	2743273	RelationalExpression	delta < - 1.1		2742658	0		<			
ANR	2743274	Identifier	delta		2742658	0					
ANR	2743275	UnaryOperationExpression	- 1.1		2742658	1					
ANR	2743276	UnaryOperator	-		2742658	0					
ANR	2743277	PrimaryExpression	1.1		2742658	1					
ANR	2743278	ExpressionStatement	nb_frames = 0	183:16:3840:3853	2742658	1	True				
ANR	2743279	AssignmentExpression	nb_frames = 0		2742658	0		=			
ANR	2743280	Identifier	nb_frames		2742658	0					
ANR	2743281	PrimaryExpression	0		2742658	1					
ANR	2743282	ElseStatement	else		2742658	0					
ANR	2743283	IfStatement	if ( delta > 1.1 )		2742658	0					
ANR	2743284	Condition	delta > 1.1	185:21:3877:3887	2742658	0	True				
ANR	2743285	RelationalExpression	delta > 1.1		2742658	0		>			
ANR	2743286	Identifier	delta		2742658	0					
ANR	2743287	PrimaryExpression	1.1		2742658	1					
ANR	2743288	CompoundStatement		177:34:3705:3705	2742658	1					
ANR	2743289	ExpressionStatement	nb_frames = lrintf ( delta )	187:16:3909:3934	2742658	0	True				
ANR	2743290	AssignmentExpression	nb_frames = lrintf ( delta )		2742658	0		=			
ANR	2743291	Identifier	nb_frames		2742658	0					
ANR	2743292	CallExpression	lrintf ( delta )		2742658	1					
ANR	2743293	Callee	lrintf		2742658	0					
ANR	2743294	Identifier	lrintf		2742658	0					
ANR	2743295	ArgumentList	delta		2742658	1					
ANR	2743296	Argument	delta		2742658	0					
ANR	2743297	Identifier	delta		2742658	0					
ANR	2743298	IfStatement	if ( delta0 > 1.1 )		2742658	1					
ANR	2743299	Condition	delta0 > 1.1	189:20:3957:3968	2742658	0	True				
ANR	2743300	RelationalExpression	delta0 > 1.1		2742658	0		>			
ANR	2743301	Identifier	delta0		2742658	0					
ANR	2743302	PrimaryExpression	1.1		2742658	1					
ANR	2743303	ExpressionStatement	nb0_frames = lrintf ( delta0 - 0.6 )	191:20:3992:4025	2742658	1	True				
ANR	2743304	AssignmentExpression	nb0_frames = lrintf ( delta0 - 0.6 )		2742658	0		=			
ANR	2743305	Identifier	nb0_frames		2742658	0					
ANR	2743306	CallExpression	lrintf ( delta0 - 0.6 )		2742658	1					
ANR	2743307	Callee	lrintf		2742658	0					
ANR	2743308	Identifier	lrintf		2742658	0					
ANR	2743309	ArgumentList	delta0 - 0.6		2742658	1					
ANR	2743310	Argument	delta0 - 0.6		2742658	0					
ANR	2743311	AdditiveExpression	delta0 - 0.6		2742658	0		-			
ANR	2743312	Identifier	delta0		2742658	0					
ANR	2743313	PrimaryExpression	0.6		2742658	1					
ANR	2743314	BreakStatement	break ;	195:12:4055:4060	2742658	4	True				
ANR	2743315	Label	case VSYNC_VFR :	197:8:4071:4085	2742658	5	True				
ANR	2743316	Identifier	VSYNC_VFR		2742658	0					
ANR	2743317	IfStatement	if ( delta <= - 0.6 )		2742658	6					
ANR	2743318	Condition	delta <= - 0.6	199:16:4104:4116	2742658	0	True				
ANR	2743319	RelationalExpression	delta <= - 0.6		2742658	0		<=			
ANR	2743320	Identifier	delta		2742658	0					
ANR	2743321	UnaryOperationExpression	- 0.6		2742658	1					
ANR	2743322	UnaryOperator	-		2742658	0					
ANR	2743323	PrimaryExpression	0.6		2742658	1					
ANR	2743324	ExpressionStatement	nb_frames = 0	201:16:4136:4149	2742658	1	True				
ANR	2743325	AssignmentExpression	nb_frames = 0		2742658	0		=			
ANR	2743326	Identifier	nb_frames		2742658	0					
ANR	2743327	PrimaryExpression	0		2742658	1					
ANR	2743328	ElseStatement	else		2742658	0					
ANR	2743329	IfStatement	if ( delta > 0.6 )		2742658	0					
ANR	2743330	Condition	delta > 0.6	203:21:4173:4183	2742658	0	True				
ANR	2743331	RelationalExpression	delta > 0.6		2742658	0		>			
ANR	2743332	Identifier	delta		2742658	0					
ANR	2743333	PrimaryExpression	0.6		2742658	1					
ANR	2743334	ExpressionStatement	ost -> sync_opts = lrint ( sync_ipts )	205:16:4203:4236	2742658	1	True				
ANR	2743335	AssignmentExpression	ost -> sync_opts = lrint ( sync_ipts )		2742658	0		=			
ANR	2743336	PtrMemberAccess	ost -> sync_opts		2742658	0					
ANR	2743337	Identifier	ost		2742658	0					
ANR	2743338	Identifier	sync_opts		2742658	1					
ANR	2743339	CallExpression	lrint ( sync_ipts )		2742658	1					
ANR	2743340	Callee	lrint		2742658	0					
ANR	2743341	Identifier	lrint		2742658	0					
ANR	2743342	ArgumentList	sync_ipts		2742658	1					
ANR	2743343	Argument	sync_ipts		2742658	0					
ANR	2743344	Identifier	sync_ipts		2742658	0					
ANR	2743345	BreakStatement	break ;	207:12:4251:4256	2742658	7	True				
ANR	2743346	Label	case VSYNC_DROP :	209:8:4267:4282	2742658	8	True				
ANR	2743347	Identifier	VSYNC_DROP		2742658	0					
ANR	2743348	Label	case VSYNC_PASSTHROUGH :	211:8:4293:4315	2742658	9	True				
ANR	2743349	Identifier	VSYNC_PASSTHROUGH		2742658	0					
ANR	2743350	ExpressionStatement	ost -> sync_opts = lrint ( sync_ipts )	213:12:4330:4363	2742658	10	True				
ANR	2743351	AssignmentExpression	ost -> sync_opts = lrint ( sync_ipts )		2742658	0		=			
ANR	2743352	PtrMemberAccess	ost -> sync_opts		2742658	0					
ANR	2743353	Identifier	ost		2742658	0					
ANR	2743354	Identifier	sync_opts		2742658	1					
ANR	2743355	CallExpression	lrint ( sync_ipts )		2742658	1					
ANR	2743356	Callee	lrint		2742658	0					
ANR	2743357	Identifier	lrint		2742658	0					
ANR	2743358	ArgumentList	sync_ipts		2742658	1					
ANR	2743359	Argument	sync_ipts		2742658	0					
ANR	2743360	Identifier	sync_ipts		2742658	0					
ANR	2743361	BreakStatement	break ;	215:12:4378:4383	2742658	11	True				
ANR	2743362	Label	default :	217:8:4394:4401	2742658	12	True				
ANR	2743363	Identifier	default		2742658	0					
ANR	2743364	ExpressionStatement	av_assert0 ( 0 )	219:12:4416:4429	2742658	13	True				
ANR	2743365	CallExpression	av_assert0 ( 0 )		2742658	0					
ANR	2743366	Callee	av_assert0		2742658	0					
ANR	2743367	Identifier	av_assert0		2742658	0					
ANR	2743368	ArgumentList	0		2742658	1					
ANR	2743369	Argument	0		2742658	0					
ANR	2743370	PrimaryExpression	0		2742658	0					
ANR	2743371	ExpressionStatement	"nb_frames = FFMIN ( nb_frames , ost -> max_frames - ost -> frame_number )"	227:4:4456:4521	2742658	15	True				
ANR	2743372	AssignmentExpression	"nb_frames = FFMIN ( nb_frames , ost -> max_frames - ost -> frame_number )"		2742658	0		=			
ANR	2743373	Identifier	nb_frames		2742658	0					
ANR	2743374	CallExpression	"FFMIN ( nb_frames , ost -> max_frames - ost -> frame_number )"		2742658	1					
ANR	2743375	Callee	FFMIN		2742658	0					
ANR	2743376	Identifier	FFMIN		2742658	0					
ANR	2743377	ArgumentList	nb_frames		2742658	1					
ANR	2743378	Argument	nb_frames		2742658	0					
ANR	2743379	Identifier	nb_frames		2742658	0					
ANR	2743380	Argument	ost -> max_frames - ost -> frame_number		2742658	1					
ANR	2743381	AdditiveExpression	ost -> max_frames - ost -> frame_number		2742658	0		-			
ANR	2743382	PtrMemberAccess	ost -> max_frames		2742658	0					
ANR	2743383	Identifier	ost		2742658	0					
ANR	2743384	Identifier	max_frames		2742658	1					
ANR	2743385	PtrMemberAccess	ost -> frame_number		2742658	1					
ANR	2743386	Identifier	ost		2742658	0					
ANR	2743387	Identifier	frame_number		2742658	1					
ANR	2743388	ExpressionStatement	"nb0_frames = FFMIN ( nb0_frames , nb_frames )"	229:4:4528:4569	2742658	16	True				
ANR	2743389	AssignmentExpression	"nb0_frames = FFMIN ( nb0_frames , nb_frames )"		2742658	0		=			
ANR	2743390	Identifier	nb0_frames		2742658	0					
ANR	2743391	CallExpression	"FFMIN ( nb0_frames , nb_frames )"		2742658	1					
ANR	2743392	Callee	FFMIN		2742658	0					
ANR	2743393	Identifier	FFMIN		2742658	0					
ANR	2743394	ArgumentList	nb0_frames		2742658	1					
ANR	2743395	Argument	nb0_frames		2742658	0					
ANR	2743396	Identifier	nb0_frames		2742658	0					
ANR	2743397	Argument	nb_frames		2742658	1					
ANR	2743398	Identifier	nb_frames		2742658	0					
ANR	2743399	ExpressionStatement	"memmove ( ost -> last_nb0_frames + 1 , ost -> last_nb0_frames , sizeof ( ost -> last_nb0_frames [ 0 ] ) * ( FF_ARRAY_ELEMS ( ost -> last_nb0_frames ) - 1 ) )"	233:4:4578:4737	2742658	17	True				
ANR	2743400	CallExpression	"memmove ( ost -> last_nb0_frames + 1 , ost -> last_nb0_frames , sizeof ( ost -> last_nb0_frames [ 0 ] ) * ( FF_ARRAY_ELEMS ( ost -> last_nb0_frames ) - 1 ) )"		2742658	0					
ANR	2743401	Callee	memmove		2742658	0					
ANR	2743402	Identifier	memmove		2742658	0					
ANR	2743403	ArgumentList	ost -> last_nb0_frames + 1		2742658	1					
ANR	2743404	Argument	ost -> last_nb0_frames + 1		2742658	0					
ANR	2743405	AdditiveExpression	ost -> last_nb0_frames + 1		2742658	0		+			
ANR	2743406	PtrMemberAccess	ost -> last_nb0_frames		2742658	0					
ANR	2743407	Identifier	ost		2742658	0					
ANR	2743408	Identifier	last_nb0_frames		2742658	1					
ANR	2743409	PrimaryExpression	1		2742658	1					
ANR	2743410	Argument	ost -> last_nb0_frames		2742658	1					
ANR	2743411	PtrMemberAccess	ost -> last_nb0_frames		2742658	0					
ANR	2743412	Identifier	ost		2742658	0					
ANR	2743413	Identifier	last_nb0_frames		2742658	1					
ANR	2743414	Argument	sizeof ( ost -> last_nb0_frames [ 0 ] ) * ( FF_ARRAY_ELEMS ( ost -> last_nb0_frames ) - 1 )		2742658	2					
ANR	2743415	MultiplicativeExpression	sizeof ( ost -> last_nb0_frames [ 0 ] ) * ( FF_ARRAY_ELEMS ( ost -> last_nb0_frames ) - 1 )		2742658	0		*			
ANR	2743416	SizeofExpression	sizeof ( ost -> last_nb0_frames [ 0 ] )		2742658	0					
ANR	2743417	Sizeof	sizeof		2742658	0					
ANR	2743418	ArrayIndexing	ost -> last_nb0_frames [ 0 ]		2742658	1					
ANR	2743419	PtrMemberAccess	ost -> last_nb0_frames		2742658	0					
ANR	2743420	Identifier	ost		2742658	0					
ANR	2743421	Identifier	last_nb0_frames		2742658	1					
ANR	2743422	PrimaryExpression	0		2742658	1					
ANR	2743423	AdditiveExpression	FF_ARRAY_ELEMS ( ost -> last_nb0_frames ) - 1		2742658	1		-			
ANR	2743424	CallExpression	FF_ARRAY_ELEMS ( ost -> last_nb0_frames )		2742658	0					
ANR	2743425	Callee	FF_ARRAY_ELEMS		2742658	0					
ANR	2743426	Identifier	FF_ARRAY_ELEMS		2742658	0					
ANR	2743427	ArgumentList	ost -> last_nb0_frames		2742658	1					
ANR	2743428	Argument	ost -> last_nb0_frames		2742658	0					
ANR	2743429	PtrMemberAccess	ost -> last_nb0_frames		2742658	0					
ANR	2743430	Identifier	ost		2742658	0					
ANR	2743431	Identifier	last_nb0_frames		2742658	1					
ANR	2743432	PrimaryExpression	1		2742658	1					
ANR	2743433	ExpressionStatement	ost -> last_nb0_frames [ 0 ] = nb0_frames	239:4:4744:4780	2742658	18	True				
ANR	2743434	AssignmentExpression	ost -> last_nb0_frames [ 0 ] = nb0_frames		2742658	0		=			
ANR	2743435	ArrayIndexing	ost -> last_nb0_frames [ 0 ]		2742658	0					
ANR	2743436	PtrMemberAccess	ost -> last_nb0_frames		2742658	0					
ANR	2743437	Identifier	ost		2742658	0					
ANR	2743438	Identifier	last_nb0_frames		2742658	1					
ANR	2743439	PrimaryExpression	0		2742658	1					
ANR	2743440	Identifier	nb0_frames		2742658	1					
ANR	2743441	IfStatement	if ( nb0_frames == 0 && ost -> last_droped )		2742658	19					
ANR	2743442	Condition	nb0_frames == 0 && ost -> last_droped	243:8:4793:4827	2742658	0	True				
ANR	2743443	AndExpression	nb0_frames == 0 && ost -> last_droped		2742658	0		&&			
ANR	2743444	EqualityExpression	nb0_frames == 0		2742658	0		==			
ANR	2743445	Identifier	nb0_frames		2742658	0					
ANR	2743446	PrimaryExpression	0		2742658	1					
ANR	2743447	PtrMemberAccess	ost -> last_droped		2742658	1					
ANR	2743448	Identifier	ost		2742658	0					
ANR	2743449	Identifier	last_droped		2742658	1					
ANR	2743450	CompoundStatement		235:45:4645:4645	2742658	1					
ANR	2743451	ExpressionStatement	nb_frames_drop ++	245:8:4841:4857	2742658	0	True				
ANR	2743452	PostIncDecOperationExpression	nb_frames_drop ++		2742658	0					
ANR	2743453	Identifier	nb_frames_drop		2742658	0					
ANR	2743454	IncDec	++		2742658	1					
ANR	2743455	Statement	av_log	247:8:4868:4873	2742658	1	True				
ANR	2743456	Statement	(	247:14:4874:4874	2742658	2	True				
ANR	2743457	Statement	NULL	247:15:4875:4878	2742658	3	True				
ANR	2743458	Statement	","	247:19:4879:4879	2742658	4	True				
ANR	2743459	Statement	AV_LOG_VERBOSE	247:21:4881:4894	2742658	5	True				
ANR	2743460	Statement	","	247:35:4895:4895	2742658	6	True				
ANR	2743461	Statement	"""*** dropping frame %d from stream %d at ts %"""	249:15:4913:4958	2742658	7	True				
ANR	2743462	Statement	PRId64	249:61:4959:4964	2742658	8	True				
ANR	2743463	Statement	"""\\n"""	249:67:4965:4968	2742658	9	True				
ANR	2743464	Statement	","	249:71:4969:4969	2742658	10	True				
ANR	2743465	Statement	ost	251:15:4987:4989	2742658	11	True				
ANR	2743466	Statement	->	251:18:4990:4991	2742658	12	True				
ANR	2743467	Statement	frame_number	251:20:4992:5003	2742658	13	True				
ANR	2743468	Statement	","	251:32:5004:5004	2742658	14	True				
ANR	2743469	Statement	ost	251:34:5006:5008	2742658	15	True				
ANR	2743470	Statement	->	251:37:5009:5010	2742658	16	True				
ANR	2743471	Statement	st	251:39:5011:5012	2742658	17	True				
ANR	2743472	Statement	->	251:41:5013:5014	2742658	18	True				
ANR	2743473	Statement	index	251:43:5015:5019	2742658	19	True				
ANR	2743474	Statement	","	251:48:5020:5020	2742658	20	True				
ANR	2743475	Statement	ost	251:50:5022:5024	2742658	21	True				
ANR	2743476	Statement	->	251:53:5025:5026	2742658	22	True				
ANR	2743477	Statement	last_frame	251:55:5027:5036	2742658	23	True				
ANR	2743478	Statement	->	251:65:5037:5038	2742658	24	True				
ANR	2743479	Statement	pts	251:67:5039:5041	2742658	25	True				
ANR	2743480	Statement	)	251:70:5042:5042	2742658	26	True				
ANR	2743481	ExpressionStatement		251:71:5043:5043	2742658	27	True				
ANR	2743482	IfStatement	if ( nb_frames > ( nb0_frames && ost -> last_droped ) + ( nb_frames > nb0_frames ) )		2742658	20					
ANR	2743483	Condition	nb_frames > ( nb0_frames && ost -> last_droped ) + ( nb_frames > nb0_frames )	255:8:5061:5131	2742658	0	True				
ANR	2743484	RelationalExpression	nb_frames > ( nb0_frames && ost -> last_droped ) + ( nb_frames > nb0_frames )		2742658	0		>			
ANR	2743485	Identifier	nb_frames		2742658	0					
ANR	2743486	AdditiveExpression	( nb0_frames && ost -> last_droped ) + ( nb_frames > nb0_frames )		2742658	1		+			
ANR	2743487	AndExpression	nb0_frames && ost -> last_droped		2742658	0		&&			
ANR	2743488	Identifier	nb0_frames		2742658	0					
ANR	2743489	PtrMemberAccess	ost -> last_droped		2742658	1					
ANR	2743490	Identifier	ost		2742658	0					
ANR	2743491	Identifier	last_droped		2742658	1					
ANR	2743492	RelationalExpression	nb_frames > nb0_frames		2742658	1		>			
ANR	2743493	Identifier	nb_frames		2742658	0					
ANR	2743494	Identifier	nb0_frames		2742658	1					
ANR	2743495	CompoundStatement		247:81:4949:4949	2742658	1					
ANR	2743496	IfStatement	if ( nb_frames > dts_error_threshold * 30 )		2742658	0					
ANR	2743497	Condition	nb_frames > dts_error_threshold * 30	257:12:5149:5184	2742658	0	True				
ANR	2743498	RelationalExpression	nb_frames > dts_error_threshold * 30		2742658	0		>			
ANR	2743499	Identifier	nb_frames		2742658	0					
ANR	2743500	MultiplicativeExpression	dts_error_threshold * 30		2742658	1		*			
ANR	2743501	Identifier	dts_error_threshold		2742658	0					
ANR	2743502	PrimaryExpression	30		2742658	1					
ANR	2743503	CompoundStatement		249:50:5002:5002	2742658	1					
ANR	2743504	ExpressionStatement	"av_log ( NULL , AV_LOG_ERROR , ""%d frame duplication too large, skipping\\n"" , nb_frames - 1 )"	259:12:5202:5289	2742658	0	True				
ANR	2743505	CallExpression	"av_log ( NULL , AV_LOG_ERROR , ""%d frame duplication too large, skipping\\n"" , nb_frames - 1 )"		2742658	0					
ANR	2743506	Callee	av_log		2742658	0					
ANR	2743507	Identifier	av_log		2742658	0					
ANR	2743508	ArgumentList	NULL		2742658	1					
ANR	2743509	Argument	NULL		2742658	0					
ANR	2743510	Identifier	NULL		2742658	0					
ANR	2743511	Argument	AV_LOG_ERROR		2742658	1					
ANR	2743512	Identifier	AV_LOG_ERROR		2742658	0					
ANR	2743513	Argument	"""%d frame duplication too large, skipping\\n"""		2742658	2					
ANR	2743514	PrimaryExpression	"""%d frame duplication too large, skipping\\n"""		2742658	0					
ANR	2743515	Argument	nb_frames - 1		2742658	3					
ANR	2743516	AdditiveExpression	nb_frames - 1		2742658	0		-			
ANR	2743517	Identifier	nb_frames		2742658	0					
ANR	2743518	PrimaryExpression	1		2742658	1					
ANR	2743519	ExpressionStatement	nb_frames_drop ++	261:12:5304:5320	2742658	1	True				
ANR	2743520	PostIncDecOperationExpression	nb_frames_drop ++		2742658	0					
ANR	2743521	Identifier	nb_frames_drop		2742658	0					
ANR	2743522	IncDec	++		2742658	1					
ANR	2743523	ReturnStatement	return ;	263:12:5335:5341	2742658	2	True				
ANR	2743524	ExpressionStatement	nb_frames_dup += nb_frames - ( nb0_frames && ost -> last_droped ) - ( nb_frames > nb0_frames )	267:8:5363:5451	2742658	1	True				
ANR	2743525	AssignmentExpression	nb_frames_dup += nb_frames - ( nb0_frames && ost -> last_droped ) - ( nb_frames > nb0_frames )		2742658	0		+=			
ANR	2743526	Identifier	nb_frames_dup		2742658	0					
ANR	2743527	AdditiveExpression	nb_frames - ( nb0_frames && ost -> last_droped ) - ( nb_frames > nb0_frames )		2742658	1		-			
ANR	2743528	Identifier	nb_frames		2742658	0					
ANR	2743529	AdditiveExpression	( nb0_frames && ost -> last_droped ) - ( nb_frames > nb0_frames )		2742658	1		-			
ANR	2743530	AndExpression	nb0_frames && ost -> last_droped		2742658	0		&&			
ANR	2743531	Identifier	nb0_frames		2742658	0					
ANR	2743532	PtrMemberAccess	ost -> last_droped		2742658	1					
ANR	2743533	Identifier	ost		2742658	0					
ANR	2743534	Identifier	last_droped		2742658	1					
ANR	2743535	RelationalExpression	nb_frames > nb0_frames		2742658	1		>			
ANR	2743536	Identifier	nb_frames		2742658	0					
ANR	2743537	Identifier	nb0_frames		2742658	1					
ANR	2743538	ExpressionStatement	"av_log ( NULL , AV_LOG_VERBOSE , ""*** %d dup!\\n"" , nb_frames - 1 )"	269:8:5462:5522	2742658	2	True				
ANR	2743539	CallExpression	"av_log ( NULL , AV_LOG_VERBOSE , ""*** %d dup!\\n"" , nb_frames - 1 )"		2742658	0					
ANR	2743540	Callee	av_log		2742658	0					
ANR	2743541	Identifier	av_log		2742658	0					
ANR	2743542	ArgumentList	NULL		2742658	1					
ANR	2743543	Argument	NULL		2742658	0					
ANR	2743544	Identifier	NULL		2742658	0					
ANR	2743545	Argument	AV_LOG_VERBOSE		2742658	1					
ANR	2743546	Identifier	AV_LOG_VERBOSE		2742658	0					
ANR	2743547	Argument	"""*** %d dup!\\n"""		2742658	2					
ANR	2743548	PrimaryExpression	"""*** %d dup!\\n"""		2742658	0					
ANR	2743549	Argument	nb_frames - 1		2742658	3					
ANR	2743550	AdditiveExpression	nb_frames - 1		2742658	0		-			
ANR	2743551	Identifier	nb_frames		2742658	0					
ANR	2743552	PrimaryExpression	1		2742658	1					
ANR	2743553	ExpressionStatement	ost -> last_droped = nb_frames == nb0_frames && next_picture	273:4:5536:5594	2742658	21	True				
ANR	2743554	AssignmentExpression	ost -> last_droped = nb_frames == nb0_frames && next_picture		2742658	0		=			
ANR	2743555	PtrMemberAccess	ost -> last_droped		2742658	0					
ANR	2743556	Identifier	ost		2742658	0					
ANR	2743557	Identifier	last_droped		2742658	1					
ANR	2743558	AndExpression	nb_frames == nb0_frames && next_picture		2742658	1		&&			
ANR	2743559	EqualityExpression	nb_frames == nb0_frames		2742658	0		==			
ANR	2743560	Identifier	nb_frames		2742658	0					
ANR	2743561	Identifier	nb0_frames		2742658	1					
ANR	2743562	Identifier	next_picture		2742658	1					
ANR	2743563	ForStatement	for ( i = 0 ; i < nb_frames ; i ++ )		2742658	22					
ANR	2743564	ForInit	i = 0 ;	279:7:5642:5647	2742658	0	True				
ANR	2743565	AssignmentExpression	i = 0		2742658	0		=			
ANR	2743566	Identifier	i		2742658	0					
ANR	2743567	PrimaryExpression	0		2742658	1					
ANR	2743568	Condition	i < nb_frames	279:14:5649:5661	2742658	1	True				
ANR	2743569	RelationalExpression	i < nb_frames		2742658	0		<			
ANR	2743570	Identifier	i		2742658	0					
ANR	2743571	Identifier	nb_frames		2742658	1					
ANR	2743572	PostIncDecOperationExpression	i ++	279:29:5664:5666	2742658	2	True				
ANR	2743573	Identifier	i		2742658	0					
ANR	2743574	IncDec	++		2742658	1					
ANR	2743575	CompoundStatement		273:4:5491:5510	2742658	3					
ANR	2743576	IdentifierDeclStatement	AVFrame * in_picture ;	281:4:5676:5695	2742658	0	True				
ANR	2743577	IdentifierDecl	* in_picture		2742658	0					
ANR	2743578	IdentifierDeclType	AVFrame *		2742658	0					
ANR	2743579	Identifier	in_picture		2742658	1					
ANR	2743580	ExpressionStatement	av_init_packet ( & pkt )	283:4:5702:5722	2742658	1	True				
ANR	2743581	CallExpression	av_init_packet ( & pkt )		2742658	0					
ANR	2743582	Callee	av_init_packet		2742658	0					
ANR	2743583	Identifier	av_init_packet		2742658	0					
ANR	2743584	ArgumentList	& pkt		2742658	1					
ANR	2743585	Argument	& pkt		2742658	0					
ANR	2743586	UnaryOperationExpression	& pkt		2742658	0					
ANR	2743587	UnaryOperator	&		2742658	0					
ANR	2743588	Identifier	pkt		2742658	1					
ANR	2743589	ExpressionStatement	pkt . data = NULL	285:4:5729:5744	2742658	2	True				
ANR	2743590	AssignmentExpression	pkt . data = NULL		2742658	0		=			
ANR	2743591	MemberAccess	pkt . data		2742658	0					
ANR	2743592	Identifier	pkt		2742658	0					
ANR	2743593	Identifier	data		2742658	1					
ANR	2743594	Identifier	NULL		2742658	1					
ANR	2743595	ExpressionStatement	pkt . size = 0	287:4:5751:5763	2742658	3	True				
ANR	2743596	AssignmentExpression	pkt . size = 0		2742658	0		=			
ANR	2743597	MemberAccess	pkt . size		2742658	0					
ANR	2743598	Identifier	pkt		2742658	0					
ANR	2743599	Identifier	size		2742658	1					
ANR	2743600	PrimaryExpression	0		2742658	1					
ANR	2743601	IfStatement	if ( i < nb0_frames && ost -> last_frame )		2742658	4					
ANR	2743602	Condition	i < nb0_frames && ost -> last_frame	291:8:5776:5808	2742658	0	True				
ANR	2743603	AndExpression	i < nb0_frames && ost -> last_frame		2742658	0		&&			
ANR	2743604	RelationalExpression	i < nb0_frames		2742658	0		<			
ANR	2743605	Identifier	i		2742658	0					
ANR	2743606	Identifier	nb0_frames		2742658	1					
ANR	2743607	PtrMemberAccess	ost -> last_frame		2742658	1					
ANR	2743608	Identifier	ost		2742658	0					
ANR	2743609	Identifier	last_frame		2742658	1					
ANR	2743610	CompoundStatement		283:43:5626:5626	2742658	1					
ANR	2743611	ExpressionStatement	in_picture = ost -> last_frame	293:8:5822:5850	2742658	0	True				
ANR	2743612	AssignmentExpression	in_picture = ost -> last_frame		2742658	0		=			
ANR	2743613	Identifier	in_picture		2742658	0					
ANR	2743614	PtrMemberAccess	ost -> last_frame		2742658	1					
ANR	2743615	Identifier	ost		2742658	0					
ANR	2743616	Identifier	last_frame		2742658	1					
ANR	2743617	ElseStatement	else		2742658	0					
ANR	2743618	ExpressionStatement	in_picture = next_picture	297:8:5873:5898	2742658	0	True				
ANR	2743619	AssignmentExpression	in_picture = next_picture		2742658	0		=			
ANR	2743620	Identifier	in_picture		2742658	0					
ANR	2743621	Identifier	next_picture		2742658	1					
ANR	2743622	IfStatement	if ( ! in_picture )		2742658	5					
ANR	2743623	Condition	! in_picture	301:8:5911:5921	2742658	0	True				
ANR	2743624	UnaryOperationExpression	! in_picture		2742658	0					
ANR	2743625	UnaryOperator	!		2742658	0					
ANR	2743626	Identifier	in_picture		2742658	1					
ANR	2743627	ReturnStatement	return ;	303:8:5933:5939	2742658	1	True				
ANR	2743628	ExpressionStatement	in_picture -> pts = ost -> sync_opts	307:4:5948:5980	2742658	6	True				
ANR	2743629	AssignmentExpression	in_picture -> pts = ost -> sync_opts		2742658	0		=			
ANR	2743630	PtrMemberAccess	in_picture -> pts		2742658	0					
ANR	2743631	Identifier	in_picture		2742658	0					
ANR	2743632	Identifier	pts		2742658	1					
ANR	2743633	PtrMemberAccess	ost -> sync_opts		2742658	1					
ANR	2743634	Identifier	ost		2742658	0					
ANR	2743635	Identifier	sync_opts		2742658	1					
ANR	2743636	IfStatement	if ( ! check_recording_time ( ost ) )		2742658	7					
ANR	2743637	Condition	! check_recording_time ( ost )	313:8:6000:6025	2742658	0	True				
ANR	2743638	UnaryOperationExpression	! check_recording_time ( ost )		2742658	0					
ANR	2743639	UnaryOperator	!		2742658	0					
ANR	2743640	CallExpression	check_recording_time ( ost )		2742658	1					
ANR	2743641	Callee	check_recording_time		2742658	0					
ANR	2743642	Identifier	check_recording_time		2742658	0					
ANR	2743643	ArgumentList	ost		2742658	1					
ANR	2743644	Argument	ost		2742658	0					
ANR	2743645	Identifier	ost		2742658	0					
ANR	2743646	ReturnStatement	return ;	321:8:6099:6105	2742658	1	True				
ANR	2743647	IfStatement	if ( s -> oformat -> flags & AVFMT_RAWPICTURE && enc -> codec -> id == AV_CODEC_ID_RAWVIDEO )		2742658	8					
ANR	2743648	Condition	s -> oformat -> flags & AVFMT_RAWPICTURE && enc -> codec -> id == AV_CODEC_ID_RAWVIDEO	325:8:6118:6204	2742658	0	True				
ANR	2743649	AndExpression	s -> oformat -> flags & AVFMT_RAWPICTURE && enc -> codec -> id == AV_CODEC_ID_RAWVIDEO		2742658	0		&&			
ANR	2743650	BitAndExpression	s -> oformat -> flags & AVFMT_RAWPICTURE		2742658	0		&			
ANR	2743651	PtrMemberAccess	s -> oformat -> flags		2742658	0					
ANR	2743652	PtrMemberAccess	s -> oformat		2742658	0					
ANR	2743653	Identifier	s		2742658	0					
ANR	2743654	Identifier	oformat		2742658	1					
ANR	2743655	Identifier	flags		2742658	1					
ANR	2743656	Identifier	AVFMT_RAWPICTURE		2742658	1					
ANR	2743657	EqualityExpression	enc -> codec -> id == AV_CODEC_ID_RAWVIDEO		2742658	1		==			
ANR	2743658	PtrMemberAccess	enc -> codec -> id		2742658	0					
ANR	2743659	PtrMemberAccess	enc -> codec		2742658	0					
ANR	2743660	Identifier	enc		2742658	0					
ANR	2743661	Identifier	codec		2742658	1					
ANR	2743662	Identifier	id		2742658	1					
ANR	2743663	Identifier	AV_CODEC_ID_RAWVIDEO		2742658	1					
ANR	2743664	CompoundStatement		319:48:6022:6022	2742658	1					
ANR	2743665	IfStatement	if ( in_picture -> interlaced_frame )		2742658	0					
ANR	2743666	Condition	in_picture -> interlaced_frame	335:12:6371:6398	2742658	0	True				
ANR	2743667	PtrMemberAccess	in_picture -> interlaced_frame		2742658	0					
ANR	2743668	Identifier	in_picture		2742658	0					
ANR	2743669	Identifier	interlaced_frame		2742658	1					
ANR	2743670	ExpressionStatement	mux_enc -> field_order = in_picture -> top_field_first ? AV_FIELD_TB : AV_FIELD_BT	337:12:6414:6490	2742658	1	True				
ANR	2743671	AssignmentExpression	mux_enc -> field_order = in_picture -> top_field_first ? AV_FIELD_TB : AV_FIELD_BT		2742658	0		=			
ANR	2743672	PtrMemberAccess	mux_enc -> field_order		2742658	0					
ANR	2743673	Identifier	mux_enc		2742658	0					
ANR	2743674	Identifier	field_order		2742658	1					
ANR	2743675	ConditionalExpression	in_picture -> top_field_first ? AV_FIELD_TB : AV_FIELD_BT		2742658	1					
ANR	2743676	Condition	in_picture -> top_field_first		2742658	0					
ANR	2743677	PtrMemberAccess	in_picture -> top_field_first		2742658	0					
ANR	2743678	Identifier	in_picture		2742658	0					
ANR	2743679	Identifier	top_field_first		2742658	1					
ANR	2743680	Identifier	AV_FIELD_TB		2742658	1					
ANR	2743681	Identifier	AV_FIELD_BT		2742658	2					
ANR	2743682	ElseStatement	else		2742658	0					
ANR	2743683	ExpressionStatement	mux_enc -> field_order = AV_FIELD_PROGRESSIVE	341:12:6519:6562	2742658	0	True				
ANR	2743684	AssignmentExpression	mux_enc -> field_order = AV_FIELD_PROGRESSIVE		2742658	0		=			
ANR	2743685	PtrMemberAccess	mux_enc -> field_order		2742658	0					
ANR	2743686	Identifier	mux_enc		2742658	0					
ANR	2743687	Identifier	field_order		2742658	1					
ANR	2743688	Identifier	AV_FIELD_PROGRESSIVE		2742658	1					
ANR	2743689	ExpressionStatement	pkt . data = ( uint8_t * ) in_picture	343:8:6573:6607	2742658	1	True				
ANR	2743690	AssignmentExpression	pkt . data = ( uint8_t * ) in_picture		2742658	0		=			
ANR	2743691	MemberAccess	pkt . data		2742658	0					
ANR	2743692	Identifier	pkt		2742658	0					
ANR	2743693	Identifier	data		2742658	1					
ANR	2743694	CastExpression	( uint8_t * ) in_picture		2742658	1					
ANR	2743695	CastTarget	uint8_t *		2742658	0					
ANR	2743696	Identifier	in_picture		2742658	1					
ANR	2743697	ExpressionStatement	pkt . size = sizeof ( AVPicture )	345:8:6618:6649	2742658	2	True				
ANR	2743698	AssignmentExpression	pkt . size = sizeof ( AVPicture )		2742658	0		=			
ANR	2743699	MemberAccess	pkt . size		2742658	0					
ANR	2743700	Identifier	pkt		2742658	0					
ANR	2743701	Identifier	size		2742658	1					
ANR	2743702	SizeofExpression	sizeof ( AVPicture )		2742658	1					
ANR	2743703	Sizeof	sizeof		2742658	0					
ANR	2743704	SizeofOperand	AVPicture		2742658	1					
ANR	2743705	ExpressionStatement	"pkt . pts = av_rescale_q ( in_picture -> pts , enc -> time_base , ost -> st -> time_base )"	347:8:6660:6738	2742658	3	True				
ANR	2743706	AssignmentExpression	"pkt . pts = av_rescale_q ( in_picture -> pts , enc -> time_base , ost -> st -> time_base )"		2742658	0		=			
ANR	2743707	MemberAccess	pkt . pts		2742658	0					
ANR	2743708	Identifier	pkt		2742658	0					
ANR	2743709	Identifier	pts		2742658	1					
ANR	2743710	CallExpression	"av_rescale_q ( in_picture -> pts , enc -> time_base , ost -> st -> time_base )"		2742658	1					
ANR	2743711	Callee	av_rescale_q		2742658	0					
ANR	2743712	Identifier	av_rescale_q		2742658	0					
ANR	2743713	ArgumentList	in_picture -> pts		2742658	1					
ANR	2743714	Argument	in_picture -> pts		2742658	0					
ANR	2743715	PtrMemberAccess	in_picture -> pts		2742658	0					
ANR	2743716	Identifier	in_picture		2742658	0					
ANR	2743717	Identifier	pts		2742658	1					
ANR	2743718	Argument	enc -> time_base		2742658	1					
ANR	2743719	PtrMemberAccess	enc -> time_base		2742658	0					
ANR	2743720	Identifier	enc		2742658	0					
ANR	2743721	Identifier	time_base		2742658	1					
ANR	2743722	Argument	ost -> st -> time_base		2742658	2					
ANR	2743723	PtrMemberAccess	ost -> st -> time_base		2742658	0					
ANR	2743724	PtrMemberAccess	ost -> st		2742658	0					
ANR	2743725	Identifier	ost		2742658	0					
ANR	2743726	Identifier	st		2742658	1					
ANR	2743727	Identifier	time_base		2742658	1					
ANR	2743728	ExpressionStatement	pkt . flags |= AV_PKT_FLAG_KEY	349:8:6749:6777	2742658	4	True				
ANR	2743729	AssignmentExpression	pkt . flags |= AV_PKT_FLAG_KEY		2742658	0		|=			
ANR	2743730	MemberAccess	pkt . flags		2742658	0					
ANR	2743731	Identifier	pkt		2742658	0					
ANR	2743732	Identifier	flags		2742658	1					
ANR	2743733	Identifier	AV_PKT_FLAG_KEY		2742658	1					
ANR	2743734	ExpressionStatement	"write_frame ( s , & pkt , ost )"	353:8:6790:6815	2742658	5	True				
ANR	2743735	CallExpression	"write_frame ( s , & pkt , ost )"		2742658	0					
ANR	2743736	Callee	write_frame		2742658	0					
ANR	2743737	Identifier	write_frame		2742658	0					
ANR	2743738	ArgumentList	s		2742658	1					
ANR	2743739	Argument	s		2742658	0					
ANR	2743740	Identifier	s		2742658	0					
ANR	2743741	Argument	& pkt		2742658	1					
ANR	2743742	UnaryOperationExpression	& pkt		2742658	0					
ANR	2743743	UnaryOperator	&		2742658	0					
ANR	2743744	Identifier	pkt		2742658	1					
ANR	2743745	Argument	ost		2742658	2					
ANR	2743746	Identifier	ost		2742658	0					
ANR	2743747	ElseStatement	else		2742658	0					
ANR	2743748	CompoundStatement		351:8:6701:6716	2742658	0					
ANR	2743749	IdentifierDeclStatement	"int got_packet , forced_keyframe = 0 ;"	357:8:6840:6875	2742658	0	True				
ANR	2743750	IdentifierDecl	got_packet		2742658	0					
ANR	2743751	IdentifierDeclType	int		2742658	0					
ANR	2743752	Identifier	got_packet		2742658	1					
ANR	2743753	IdentifierDecl	forced_keyframe = 0		2742658	1					
ANR	2743754	IdentifierDeclType	int		2742658	0					
ANR	2743755	Identifier	forced_keyframe		2742658	1					
ANR	2743756	AssignmentExpression	forced_keyframe = 0		2742658	2		=			
ANR	2743757	Identifier	forced_keyframe		2742658	0					
ANR	2743758	PrimaryExpression	0		2742658	1					
ANR	2743759	IdentifierDeclStatement	double pts_time ;	359:8:6886:6901	2742658	1	True				
ANR	2743760	IdentifierDecl	pts_time		2742658	0					
ANR	2743761	IdentifierDeclType	double		2742658	0					
ANR	2743762	Identifier	pts_time		2742658	1					
ANR	2743763	IfStatement	if ( enc -> flags & ( AV_CODEC_FLAG_INTERLACED_DCT | AV_CODEC_FLAG_INTERLACED_ME ) && ost -> top_field_first >= 0 )		2742658	2					
ANR	2743764	Condition	enc -> flags & ( AV_CODEC_FLAG_INTERLACED_DCT | AV_CODEC_FLAG_INTERLACED_ME ) && ost -> top_field_first >= 0	363:12:6918:7032	2742658	0	True				
ANR	2743765	AndExpression	enc -> flags & ( AV_CODEC_FLAG_INTERLACED_DCT | AV_CODEC_FLAG_INTERLACED_ME ) && ost -> top_field_first >= 0		2742658	0		&&			
ANR	2743766	BitAndExpression	enc -> flags & ( AV_CODEC_FLAG_INTERLACED_DCT | AV_CODEC_FLAG_INTERLACED_ME )		2742658	0		&			
ANR	2743767	PtrMemberAccess	enc -> flags		2742658	0					
ANR	2743768	Identifier	enc		2742658	0					
ANR	2743769	Identifier	flags		2742658	1					
ANR	2743770	InclusiveOrExpression	AV_CODEC_FLAG_INTERLACED_DCT | AV_CODEC_FLAG_INTERLACED_ME		2742658	1		|			
ANR	2743771	Identifier	AV_CODEC_FLAG_INTERLACED_DCT		2742658	0					
ANR	2743772	Identifier	AV_CODEC_FLAG_INTERLACED_ME		2742658	1					
ANR	2743773	RelationalExpression	ost -> top_field_first >= 0		2742658	1		>=			
ANR	2743774	PtrMemberAccess	ost -> top_field_first		2742658	0					
ANR	2743775	Identifier	ost		2742658	0					
ANR	2743776	Identifier	top_field_first		2742658	1					
ANR	2743777	PrimaryExpression	0		2742658	1					
ANR	2743778	ExpressionStatement	in_picture -> top_field_first = ! ! ost -> top_field_first	367:12:7048:7100	2742658	1	True				
ANR	2743779	AssignmentExpression	in_picture -> top_field_first = ! ! ost -> top_field_first		2742658	0		=			
ANR	2743780	PtrMemberAccess	in_picture -> top_field_first		2742658	0					
ANR	2743781	Identifier	in_picture		2742658	0					
ANR	2743782	Identifier	top_field_first		2742658	1					
ANR	2743783	UnaryOperationExpression	! ! ost -> top_field_first		2742658	1					
ANR	2743784	UnaryOperator	!		2742658	0					
ANR	2743785	UnaryOperationExpression	! ost -> top_field_first		2742658	1					
ANR	2743786	UnaryOperator	!		2742658	0					
ANR	2743787	PtrMemberAccess	ost -> top_field_first		2742658	1					
ANR	2743788	Identifier	ost		2742658	0					
ANR	2743789	Identifier	top_field_first		2742658	1					
ANR	2743790	IfStatement	if ( in_picture -> interlaced_frame )		2742658	3					
ANR	2743791	Condition	in_picture -> interlaced_frame	371:12:7117:7144	2742658	0	True				
ANR	2743792	PtrMemberAccess	in_picture -> interlaced_frame		2742658	0					
ANR	2743793	Identifier	in_picture		2742658	0					
ANR	2743794	Identifier	interlaced_frame		2742658	1					
ANR	2743795	CompoundStatement		363:42:6962:6962	2742658	1					
ANR	2743796	IfStatement	if ( enc -> codec -> id == AV_CODEC_ID_MJPEG )		2742658	0					
ANR	2743797	Condition	enc -> codec -> id == AV_CODEC_ID_MJPEG	373:16:7166:7200	2742658	0	True				
ANR	2743798	EqualityExpression	enc -> codec -> id == AV_CODEC_ID_MJPEG		2742658	0		==			
ANR	2743799	PtrMemberAccess	enc -> codec -> id		2742658	0					
ANR	2743800	PtrMemberAccess	enc -> codec		2742658	0					
ANR	2743801	Identifier	enc		2742658	0					
ANR	2743802	Identifier	codec		2742658	1					
ANR	2743803	Identifier	id		2742658	1					
ANR	2743804	Identifier	AV_CODEC_ID_MJPEG		2742658	1					
ANR	2743805	ExpressionStatement	mux_enc -> field_order = in_picture -> top_field_first ? AV_FIELD_TT : AV_FIELD_BB	375:16:7220:7296	2742658	1	True				
ANR	2743806	AssignmentExpression	mux_enc -> field_order = in_picture -> top_field_first ? AV_FIELD_TT : AV_FIELD_BB		2742658	0		=			
ANR	2743807	PtrMemberAccess	mux_enc -> field_order		2742658	0					
ANR	2743808	Identifier	mux_enc		2742658	0					
ANR	2743809	Identifier	field_order		2742658	1					
ANR	2743810	ConditionalExpression	in_picture -> top_field_first ? AV_FIELD_TT : AV_FIELD_BB		2742658	1					
ANR	2743811	Condition	in_picture -> top_field_first		2742658	0					
ANR	2743812	PtrMemberAccess	in_picture -> top_field_first		2742658	0					
ANR	2743813	Identifier	in_picture		2742658	0					
ANR	2743814	Identifier	top_field_first		2742658	1					
ANR	2743815	Identifier	AV_FIELD_TT		2742658	1					
ANR	2743816	Identifier	AV_FIELD_BB		2742658	2					
ANR	2743817	ElseStatement	else		2742658	0					
ANR	2743818	ExpressionStatement	mux_enc -> field_order = in_picture -> top_field_first ? AV_FIELD_TB : AV_FIELD_BT	379:16:7333:7409	2742658	0	True				
ANR	2743819	AssignmentExpression	mux_enc -> field_order = in_picture -> top_field_first ? AV_FIELD_TB : AV_FIELD_BT		2742658	0		=			
ANR	2743820	PtrMemberAccess	mux_enc -> field_order		2742658	0					
ANR	2743821	Identifier	mux_enc		2742658	0					
ANR	2743822	Identifier	field_order		2742658	1					
ANR	2743823	ConditionalExpression	in_picture -> top_field_first ? AV_FIELD_TB : AV_FIELD_BT		2742658	1					
ANR	2743824	Condition	in_picture -> top_field_first		2742658	0					
ANR	2743825	PtrMemberAccess	in_picture -> top_field_first		2742658	0					
ANR	2743826	Identifier	in_picture		2742658	0					
ANR	2743827	Identifier	top_field_first		2742658	1					
ANR	2743828	Identifier	AV_FIELD_TB		2742658	1					
ANR	2743829	Identifier	AV_FIELD_BT		2742658	2					
ANR	2743830	ElseStatement	else		2742658	0					
ANR	2743831	ExpressionStatement	mux_enc -> field_order = AV_FIELD_PROGRESSIVE	383:12:7440:7483	2742658	0	True				
ANR	2743832	AssignmentExpression	mux_enc -> field_order = AV_FIELD_PROGRESSIVE		2742658	0		=			
ANR	2743833	PtrMemberAccess	mux_enc -> field_order		2742658	0					
ANR	2743834	Identifier	mux_enc		2742658	0					
ANR	2743835	Identifier	field_order		2742658	1					
ANR	2743836	Identifier	AV_FIELD_PROGRESSIVE		2742658	1					
ANR	2743837	ExpressionStatement	in_picture -> quality = enc -> global_quality	387:8:7496:7537	2742658	4	True				
ANR	2743838	AssignmentExpression	in_picture -> quality = enc -> global_quality		2742658	0		=			
ANR	2743839	PtrMemberAccess	in_picture -> quality		2742658	0					
ANR	2743840	Identifier	in_picture		2742658	0					
ANR	2743841	Identifier	quality		2742658	1					
ANR	2743842	PtrMemberAccess	enc -> global_quality		2742658	1					
ANR	2743843	Identifier	enc		2742658	0					
ANR	2743844	Identifier	global_quality		2742658	1					
ANR	2743845	ExpressionStatement	in_picture -> pict_type = 0	389:8:7548:7573	2742658	5	True				
ANR	2743846	AssignmentExpression	in_picture -> pict_type = 0		2742658	0		=			
ANR	2743847	PtrMemberAccess	in_picture -> pict_type		2742658	0					
ANR	2743848	Identifier	in_picture		2742658	0					
ANR	2743849	Identifier	pict_type		2742658	1					
ANR	2743850	PrimaryExpression	0		2742658	1					
ANR	2743851	ExpressionStatement	pts_time = in_picture -> pts != AV_NOPTS_VALUE ? in_picture -> pts * av_q2d ( enc -> time_base ) : NAN	393:8:7586:7692	2742658	6	True				
ANR	2743852	AssignmentExpression	pts_time = in_picture -> pts != AV_NOPTS_VALUE ? in_picture -> pts * av_q2d ( enc -> time_base ) : NAN		2742658	0		=			
ANR	2743853	Identifier	pts_time		2742658	0					
ANR	2743854	ConditionalExpression	in_picture -> pts != AV_NOPTS_VALUE ? in_picture -> pts * av_q2d ( enc -> time_base ) : NAN		2742658	1					
ANR	2743855	Condition	in_picture -> pts != AV_NOPTS_VALUE		2742658	0					
ANR	2743856	EqualityExpression	in_picture -> pts != AV_NOPTS_VALUE		2742658	0		!=			
ANR	2743857	PtrMemberAccess	in_picture -> pts		2742658	0					
ANR	2743858	Identifier	in_picture		2742658	0					
ANR	2743859	Identifier	pts		2742658	1					
ANR	2743860	Identifier	AV_NOPTS_VALUE		2742658	1					
ANR	2743861	MultiplicativeExpression	in_picture -> pts * av_q2d ( enc -> time_base )		2742658	1		*			
ANR	2743862	PtrMemberAccess	in_picture -> pts		2742658	0					
ANR	2743863	Identifier	in_picture		2742658	0					
ANR	2743864	Identifier	pts		2742658	1					
ANR	2743865	CallExpression	av_q2d ( enc -> time_base )		2742658	1					
ANR	2743866	Callee	av_q2d		2742658	0					
ANR	2743867	Identifier	av_q2d		2742658	0					
ANR	2743868	ArgumentList	enc -> time_base		2742658	1					
ANR	2743869	Argument	enc -> time_base		2742658	0					
ANR	2743870	PtrMemberAccess	enc -> time_base		2742658	0					
ANR	2743871	Identifier	enc		2742658	0					
ANR	2743872	Identifier	time_base		2742658	1					
ANR	2743873	Identifier	NAN		2742658	2					
ANR	2743874	IfStatement	if ( ost -> forced_kf_index < ost -> forced_kf_count && in_picture -> pts >= ost -> forced_kf_pts [ ost -> forced_kf_index ] )		2742658	7					
ANR	2743875	Condition	ost -> forced_kf_index < ost -> forced_kf_count && in_picture -> pts >= ost -> forced_kf_pts [ ost -> forced_kf_index ]	397:12:7707:7825	2742658	0	True				
ANR	2743876	AndExpression	ost -> forced_kf_index < ost -> forced_kf_count && in_picture -> pts >= ost -> forced_kf_pts [ ost -> forced_kf_index ]		2742658	0		&&			
ANR	2743877	RelationalExpression	ost -> forced_kf_index < ost -> forced_kf_count		2742658	0		<			
ANR	2743878	PtrMemberAccess	ost -> forced_kf_index		2742658	0					
ANR	2743879	Identifier	ost		2742658	0					
ANR	2743880	Identifier	forced_kf_index		2742658	1					
ANR	2743881	PtrMemberAccess	ost -> forced_kf_count		2742658	1					
ANR	2743882	Identifier	ost		2742658	0					
ANR	2743883	Identifier	forced_kf_count		2742658	1					
ANR	2743884	RelationalExpression	in_picture -> pts >= ost -> forced_kf_pts [ ost -> forced_kf_index ]		2742658	1		>=			
ANR	2743885	PtrMemberAccess	in_picture -> pts		2742658	0					
ANR	2743886	Identifier	in_picture		2742658	0					
ANR	2743887	Identifier	pts		2742658	1					
ANR	2743888	ArrayIndexing	ost -> forced_kf_pts [ ost -> forced_kf_index ]		2742658	1					
ANR	2743889	PtrMemberAccess	ost -> forced_kf_pts		2742658	0					
ANR	2743890	Identifier	ost		2742658	0					
ANR	2743891	Identifier	forced_kf_pts		2742658	1					
ANR	2743892	PtrMemberAccess	ost -> forced_kf_index		2742658	1					
ANR	2743893	Identifier	ost		2742658	0					
ANR	2743894	Identifier	forced_kf_index		2742658	1					
ANR	2743895	CompoundStatement		391:73:7643:7643	2742658	1					
ANR	2743896	ExpressionStatement	ost -> forced_kf_index ++	401:12:7843:7865	2742658	0	True				
ANR	2743897	PostIncDecOperationExpression	ost -> forced_kf_index ++		2742658	0					
ANR	2743898	PtrMemberAccess	ost -> forced_kf_index		2742658	0					
ANR	2743899	Identifier	ost		2742658	0					
ANR	2743900	Identifier	forced_kf_index		2742658	1					
ANR	2743901	IncDec	++		2742658	1					
ANR	2743902	ExpressionStatement	forced_keyframe = 1	403:12:7880:7899	2742658	1	True				
ANR	2743903	AssignmentExpression	forced_keyframe = 1		2742658	0		=			
ANR	2743904	Identifier	forced_keyframe		2742658	0					
ANR	2743905	PrimaryExpression	1		2742658	1					
ANR	2743906	ElseStatement	else		2742658	0					
ANR	2743907	IfStatement	if ( ost -> forced_keyframes_pexpr )		2742658	0					
ANR	2743908	Condition	ost -> forced_keyframes_pexpr	405:19:7921:7947	2742658	0	True				
ANR	2743909	PtrMemberAccess	ost -> forced_keyframes_pexpr		2742658	0					
ANR	2743910	Identifier	ost		2742658	0					
ANR	2743911	Identifier	forced_keyframes_pexpr		2742658	1					
ANR	2743912	CompoundStatement		399:12:7780:7790	2742658	1					
ANR	2743913	IdentifierDeclStatement	double res ;	407:12:7965:7975	2742658	0	True				
ANR	2743914	IdentifierDecl	res		2742658	0					
ANR	2743915	IdentifierDeclType	double		2742658	0					
ANR	2743916	Identifier	res		2742658	1					
ANR	2743917	ExpressionStatement	ost -> forced_keyframes_expr_const_values [ FKF_T ] = pts_time	409:12:7990:8047	2742658	1	True				
ANR	2743918	AssignmentExpression	ost -> forced_keyframes_expr_const_values [ FKF_T ] = pts_time		2742658	0		=			
ANR	2743919	ArrayIndexing	ost -> forced_keyframes_expr_const_values [ FKF_T ]		2742658	0					
ANR	2743920	PtrMemberAccess	ost -> forced_keyframes_expr_const_values		2742658	0					
ANR	2743921	Identifier	ost		2742658	0					
ANR	2743922	Identifier	forced_keyframes_expr_const_values		2742658	1					
ANR	2743923	Identifier	FKF_T		2742658	1					
ANR	2743924	Identifier	pts_time		2742658	1					
ANR	2743925	ExpressionStatement	"res = av_expr_eval ( ost -> forced_keyframes_pexpr , ost -> forced_keyframes_expr_const_values , NULL )"	411:12:8062:8188	2742658	2	True				
ANR	2743926	AssignmentExpression	"res = av_expr_eval ( ost -> forced_keyframes_pexpr , ost -> forced_keyframes_expr_const_values , NULL )"		2742658	0		=			
ANR	2743927	Identifier	res		2742658	0					
ANR	2743928	CallExpression	"av_expr_eval ( ost -> forced_keyframes_pexpr , ost -> forced_keyframes_expr_const_values , NULL )"		2742658	1					
ANR	2743929	Callee	av_expr_eval		2742658	0					
ANR	2743930	Identifier	av_expr_eval		2742658	0					
ANR	2743931	ArgumentList	ost -> forced_keyframes_pexpr		2742658	1					
ANR	2743932	Argument	ost -> forced_keyframes_pexpr		2742658	0					
ANR	2743933	PtrMemberAccess	ost -> forced_keyframes_pexpr		2742658	0					
ANR	2743934	Identifier	ost		2742658	0					
ANR	2743935	Identifier	forced_keyframes_pexpr		2742658	1					
ANR	2743936	Argument	ost -> forced_keyframes_expr_const_values		2742658	1					
ANR	2743937	PtrMemberAccess	ost -> forced_keyframes_expr_const_values		2742658	0					
ANR	2743938	Identifier	ost		2742658	0					
ANR	2743939	Identifier	forced_keyframes_expr_const_values		2742658	1					
ANR	2743940	Argument	NULL		2742658	2					
ANR	2743941	Identifier	NULL		2742658	0					
ANR	2743942	ExpressionStatement	"ff_dlog ( NULL , ""force_key_frame: n:%f n_forced:%f prev_forced_n:%f t:%f prev_forced_t:%f -> res:%f\\n"" , ost -> forced_keyframes_expr_const_values [ FKF_N ] , ost -> forced_keyframes_expr_const_values [ FKF_N_FORCED ] , ost -> forced_keyframes_expr_const_values [ FKF_PREV_FORCED_N ] , ost -> forced_keyframes_expr_const_values [ FKF_T ] , ost -> forced_keyframes_expr_const_values [ FKF_PREV_FORCED_T ] , res )"	415:12:8203:8706	2742658	3	True				
ANR	2743943	CallExpression	"ff_dlog ( NULL , ""force_key_frame: n:%f n_forced:%f prev_forced_n:%f t:%f prev_forced_t:%f -> res:%f\\n"" , ost -> forced_keyframes_expr_const_values [ FKF_N ] , ost -> forced_keyframes_expr_const_values [ FKF_N_FORCED ] , ost -> forced_keyframes_expr_const_values [ FKF_PREV_FORCED_N ] , ost -> forced_keyframes_expr_const_values [ FKF_T ] , ost -> forced_keyframes_expr_const_values [ FKF_PREV_FORCED_T ] , res )"		2742658	0					
ANR	2743944	Callee	ff_dlog		2742658	0					
ANR	2743945	Identifier	ff_dlog		2742658	0					
ANR	2743946	ArgumentList	NULL		2742658	1					
ANR	2743947	Argument	NULL		2742658	0					
ANR	2743948	Identifier	NULL		2742658	0					
ANR	2743949	Argument	"""force_key_frame: n:%f n_forced:%f prev_forced_n:%f t:%f prev_forced_t:%f -> res:%f\\n"""		2742658	1					
ANR	2743950	PrimaryExpression	"""force_key_frame: n:%f n_forced:%f prev_forced_n:%f t:%f prev_forced_t:%f -> res:%f\\n"""		2742658	0					
ANR	2743951	Argument	ost -> forced_keyframes_expr_const_values [ FKF_N ]		2742658	2					
ANR	2743952	ArrayIndexing	ost -> forced_keyframes_expr_const_values [ FKF_N ]		2742658	0					
ANR	2743953	PtrMemberAccess	ost -> forced_keyframes_expr_const_values		2742658	0					
ANR	2743954	Identifier	ost		2742658	0					
ANR	2743955	Identifier	forced_keyframes_expr_const_values		2742658	1					
ANR	2743956	Identifier	FKF_N		2742658	1					
ANR	2743957	Argument	ost -> forced_keyframes_expr_const_values [ FKF_N_FORCED ]		2742658	3					
ANR	2743958	ArrayIndexing	ost -> forced_keyframes_expr_const_values [ FKF_N_FORCED ]		2742658	0					
ANR	2743959	PtrMemberAccess	ost -> forced_keyframes_expr_const_values		2742658	0					
ANR	2743960	Identifier	ost		2742658	0					
ANR	2743961	Identifier	forced_keyframes_expr_const_values		2742658	1					
ANR	2743962	Identifier	FKF_N_FORCED		2742658	1					
ANR	2743963	Argument	ost -> forced_keyframes_expr_const_values [ FKF_PREV_FORCED_N ]		2742658	4					
ANR	2743964	ArrayIndexing	ost -> forced_keyframes_expr_const_values [ FKF_PREV_FORCED_N ]		2742658	0					
ANR	2743965	PtrMemberAccess	ost -> forced_keyframes_expr_const_values		2742658	0					
ANR	2743966	Identifier	ost		2742658	0					
ANR	2743967	Identifier	forced_keyframes_expr_const_values		2742658	1					
ANR	2743968	Identifier	FKF_PREV_FORCED_N		2742658	1					
ANR	2743969	Argument	ost -> forced_keyframes_expr_const_values [ FKF_T ]		2742658	5					
ANR	2743970	ArrayIndexing	ost -> forced_keyframes_expr_const_values [ FKF_T ]		2742658	0					
ANR	2743971	PtrMemberAccess	ost -> forced_keyframes_expr_const_values		2742658	0					
ANR	2743972	Identifier	ost		2742658	0					
ANR	2743973	Identifier	forced_keyframes_expr_const_values		2742658	1					
ANR	2743974	Identifier	FKF_T		2742658	1					
ANR	2743975	Argument	ost -> forced_keyframes_expr_const_values [ FKF_PREV_FORCED_T ]		2742658	6					
ANR	2743976	ArrayIndexing	ost -> forced_keyframes_expr_const_values [ FKF_PREV_FORCED_T ]		2742658	0					
ANR	2743977	PtrMemberAccess	ost -> forced_keyframes_expr_const_values		2742658	0					
ANR	2743978	Identifier	ost		2742658	0					
ANR	2743979	Identifier	forced_keyframes_expr_const_values		2742658	1					
ANR	2743980	Identifier	FKF_PREV_FORCED_T		2742658	1					
ANR	2743981	Argument	res		2742658	7					
ANR	2743982	Identifier	res		2742658	0					
ANR	2743983	IfStatement	if ( res )		2742658	4					
ANR	2743984	Condition	res	429:16:8725:8727	2742658	0	True				
ANR	2743985	Identifier	res		2742658	0					
ANR	2743986	CompoundStatement		421:21:8545:8545	2742658	1					
ANR	2743987	ExpressionStatement	forced_keyframe = 1	431:16:8749:8768	2742658	0	True				
ANR	2743988	AssignmentExpression	forced_keyframe = 1		2742658	0		=			
ANR	2743989	Identifier	forced_keyframe		2742658	0					
ANR	2743990	PrimaryExpression	1		2742658	1					
ANR	2743991	ExpressionStatement	ost -> forced_keyframes_expr_const_values [ FKF_PREV_FORCED_N ] = ost -> forced_keyframes_expr_const_values [ FKF_N ]	433:16:8787:8915	2742658	1	True				
ANR	2743992	AssignmentExpression	ost -> forced_keyframes_expr_const_values [ FKF_PREV_FORCED_N ] = ost -> forced_keyframes_expr_const_values [ FKF_N ]		2742658	0		=			
ANR	2743993	ArrayIndexing	ost -> forced_keyframes_expr_const_values [ FKF_PREV_FORCED_N ]		2742658	0					
ANR	2743994	PtrMemberAccess	ost -> forced_keyframes_expr_const_values		2742658	0					
ANR	2743995	Identifier	ost		2742658	0					
ANR	2743996	Identifier	forced_keyframes_expr_const_values		2742658	1					
ANR	2743997	Identifier	FKF_PREV_FORCED_N		2742658	1					
ANR	2743998	ArrayIndexing	ost -> forced_keyframes_expr_const_values [ FKF_N ]		2742658	1					
ANR	2743999	PtrMemberAccess	ost -> forced_keyframes_expr_const_values		2742658	0					
ANR	2744000	Identifier	ost		2742658	0					
ANR	2744001	Identifier	forced_keyframes_expr_const_values		2742658	1					
ANR	2744002	Identifier	FKF_N		2742658	1					
ANR	2744003	ExpressionStatement	ost -> forced_keyframes_expr_const_values [ FKF_PREV_FORCED_T ] = ost -> forced_keyframes_expr_const_values [ FKF_T ]	437:16:8934:9062	2742658	2	True				
ANR	2744004	AssignmentExpression	ost -> forced_keyframes_expr_const_values [ FKF_PREV_FORCED_T ] = ost -> forced_keyframes_expr_const_values [ FKF_T ]		2742658	0		=			
ANR	2744005	ArrayIndexing	ost -> forced_keyframes_expr_const_values [ FKF_PREV_FORCED_T ]		2742658	0					
ANR	2744006	PtrMemberAccess	ost -> forced_keyframes_expr_const_values		2742658	0					
ANR	2744007	Identifier	ost		2742658	0					
ANR	2744008	Identifier	forced_keyframes_expr_const_values		2742658	1					
ANR	2744009	Identifier	FKF_PREV_FORCED_T		2742658	1					
ANR	2744010	ArrayIndexing	ost -> forced_keyframes_expr_const_values [ FKF_T ]		2742658	1					
ANR	2744011	PtrMemberAccess	ost -> forced_keyframes_expr_const_values		2742658	0					
ANR	2744012	Identifier	ost		2742658	0					
ANR	2744013	Identifier	forced_keyframes_expr_const_values		2742658	1					
ANR	2744014	Identifier	FKF_T		2742658	1					
ANR	2744015	ExpressionStatement	ost -> forced_keyframes_expr_const_values [ FKF_N_FORCED ] += 1	441:16:9081:9139	2742658	3	True				
ANR	2744016	AssignmentExpression	ost -> forced_keyframes_expr_const_values [ FKF_N_FORCED ] += 1		2742658	0		+=			
ANR	2744017	ArrayIndexing	ost -> forced_keyframes_expr_const_values [ FKF_N_FORCED ]		2742658	0					
ANR	2744018	PtrMemberAccess	ost -> forced_keyframes_expr_const_values		2742658	0					
ANR	2744019	Identifier	ost		2742658	0					
ANR	2744020	Identifier	forced_keyframes_expr_const_values		2742658	1					
ANR	2744021	Identifier	FKF_N_FORCED		2742658	1					
ANR	2744022	PrimaryExpression	1		2742658	1					
ANR	2744023	ExpressionStatement	ost -> forced_keyframes_expr_const_values [ FKF_N ] += 1	447:12:9171:9222	2742658	5	True				
ANR	2744024	AssignmentExpression	ost -> forced_keyframes_expr_const_values [ FKF_N ] += 1		2742658	0		+=			
ANR	2744025	ArrayIndexing	ost -> forced_keyframes_expr_const_values [ FKF_N ]		2742658	0					
ANR	2744026	PtrMemberAccess	ost -> forced_keyframes_expr_const_values		2742658	0					
ANR	2744027	Identifier	ost		2742658	0					
ANR	2744028	Identifier	forced_keyframes_expr_const_values		2742658	1					
ANR	2744029	Identifier	FKF_N		2742658	1					
ANR	2744030	PrimaryExpression	1		2742658	1					
ANR	2744031	ElseStatement	else		2742658	0					
ANR	2744032	IfStatement	"if ( ost -> forced_keyframes && ! strncmp ( ost -> forced_keyframes , ""source"" , 6 ) && in_picture -> key_frame == 1 )"		2742658	0					
ANR	2744033	Condition	"ost -> forced_keyframes && ! strncmp ( ost -> forced_keyframes , ""source"" , 6 ) && in_picture -> key_frame == 1"	449:22:9247:9383	2742658	0	True				
ANR	2744034	AndExpression	"ost -> forced_keyframes && ! strncmp ( ost -> forced_keyframes , ""source"" , 6 ) && in_picture -> key_frame == 1"		2742658	0		&&			
ANR	2744035	PtrMemberAccess	ost -> forced_keyframes		2742658	0					
ANR	2744036	Identifier	ost		2742658	0					
ANR	2744037	Identifier	forced_keyframes		2742658	1					
ANR	2744038	AndExpression	"! strncmp ( ost -> forced_keyframes , ""source"" , 6 ) && in_picture -> key_frame == 1"		2742658	1		&&			
ANR	2744039	UnaryOperationExpression	"! strncmp ( ost -> forced_keyframes , ""source"" , 6 )"		2742658	0					
ANR	2744040	UnaryOperator	!		2742658	0					
ANR	2744041	CallExpression	"strncmp ( ost -> forced_keyframes , ""source"" , 6 )"		2742658	1					
ANR	2744042	Callee	strncmp		2742658	0					
ANR	2744043	Identifier	strncmp		2742658	0					
ANR	2744044	ArgumentList	ost -> forced_keyframes		2742658	1					
ANR	2744045	Argument	ost -> forced_keyframes		2742658	0					
ANR	2744046	PtrMemberAccess	ost -> forced_keyframes		2742658	0					
ANR	2744047	Identifier	ost		2742658	0					
ANR	2744048	Identifier	forced_keyframes		2742658	1					
ANR	2744049	Argument	"""source"""		2742658	1					
ANR	2744050	PrimaryExpression	"""source"""		2742658	0					
ANR	2744051	Argument	6		2742658	2					
ANR	2744052	PrimaryExpression	6		2742658	0					
ANR	2744053	EqualityExpression	in_picture -> key_frame == 1		2742658	1		==			
ANR	2744054	PtrMemberAccess	in_picture -> key_frame		2742658	0					
ANR	2744055	Identifier	in_picture		2742658	0					
ANR	2744056	Identifier	key_frame		2742658	1					
ANR	2744057	PrimaryExpression	1		2742658	1					
ANR	2744058	CompoundStatement		445:48:9201:9201	2742658	1					
ANR	2744059	ExpressionStatement	forced_keyframe = 1	455:12:9401:9420	2742658	0	True				
ANR	2744060	AssignmentExpression	forced_keyframe = 1		2742658	0		=			
ANR	2744061	Identifier	forced_keyframe		2742658	0					
ANR	2744062	PrimaryExpression	1		2742658	1					
ANR	2744063	IfStatement	if ( forced_keyframe )		2742658	8					
ANR	2744064	Condition	forced_keyframe	461:12:9448:9462	2742658	0	True				
ANR	2744065	Identifier	forced_keyframe		2742658	0					
ANR	2744066	CompoundStatement		453:29:9280:9280	2742658	1					
ANR	2744067	ExpressionStatement	in_picture -> pict_type = AV_PICTURE_TYPE_I	463:12:9480:9521	2742658	0	True				
ANR	2744068	AssignmentExpression	in_picture -> pict_type = AV_PICTURE_TYPE_I		2742658	0		=			
ANR	2744069	PtrMemberAccess	in_picture -> pict_type		2742658	0					
ANR	2744070	Identifier	in_picture		2742658	0					
ANR	2744071	Identifier	pict_type		2742658	1					
ANR	2744072	Identifier	AV_PICTURE_TYPE_I		2742658	1					
ANR	2744073	ExpressionStatement	"av_log ( NULL , AV_LOG_DEBUG , ""Forced keyframe at time %f\\n"" , pts_time )"	465:12:9536:9604	2742658	1	True				
ANR	2744074	CallExpression	"av_log ( NULL , AV_LOG_DEBUG , ""Forced keyframe at time %f\\n"" , pts_time )"		2742658	0					
ANR	2744075	Callee	av_log		2742658	0					
ANR	2744076	Identifier	av_log		2742658	0					
ANR	2744077	ArgumentList	NULL		2742658	1					
ANR	2744078	Argument	NULL		2742658	0					
ANR	2744079	Identifier	NULL		2742658	0					
ANR	2744080	Argument	AV_LOG_DEBUG		2742658	1					
ANR	2744081	Identifier	AV_LOG_DEBUG		2742658	0					
ANR	2744082	Argument	"""Forced keyframe at time %f\\n"""		2742658	2					
ANR	2744083	PrimaryExpression	"""Forced keyframe at time %f\\n"""		2742658	0					
ANR	2744084	Argument	pts_time		2742658	3					
ANR	2744085	Identifier	pts_time		2742658	0					
ANR	2744086	ExpressionStatement	update_benchmark ( NULL )	471:8:9628:9650	2742658	9	True				
ANR	2744087	CallExpression	update_benchmark ( NULL )		2742658	0					
ANR	2744088	Callee	update_benchmark		2742658	0					
ANR	2744089	Identifier	update_benchmark		2742658	0					
ANR	2744090	ArgumentList	NULL		2742658	1					
ANR	2744091	Argument	NULL		2742658	0					
ANR	2744092	Identifier	NULL		2742658	0					
ANR	2744093	IfStatement	if ( debug_ts )		2742658	10					
ANR	2744094	Condition	debug_ts	473:12:9665:9672	2742658	0	True				
ANR	2744095	Identifier	debug_ts		2742658	0					
ANR	2744096	CompoundStatement		465:22:9490:9490	2742658	1					
ANR	2744097	Statement	av_log	475:12:9690:9695	2742658	0	True				
ANR	2744098	Statement	(	475:18:9696:9696	2742658	1	True				
ANR	2744099	Statement	NULL	475:19:9697:9700	2742658	2	True				
ANR	2744100	Statement	","	475:23:9701:9701	2742658	3	True				
ANR	2744101	Statement	AV_LOG_INFO	475:25:9703:9713	2742658	4	True				
ANR	2744102	Statement	","	475:36:9714:9714	2742658	5	True				
ANR	2744103	Statement	"""encoder <- type:video """	475:38:9716:9739	2742658	6	True				
ANR	2744104	Statement	"""frame_pts:%s frame_pts_time:%s time_base:%d/%d\\n"""	477:19:9761:9810	2742658	7	True				
ANR	2744105	Statement	","	477:69:9811:9811	2742658	8	True				
ANR	2744106	Statement	av_ts2str	479:19:9833:9841	2742658	9	True				
ANR	2744107	Statement	(	479:28:9842:9842	2742658	10	True				
ANR	2744108	Statement	in_picture	479:29:9843:9852	2742658	11	True				
ANR	2744109	Statement	->	479:39:9853:9854	2742658	12	True				
ANR	2744110	Statement	pts	479:41:9855:9857	2742658	13	True				
ANR	2744111	Statement	)	479:44:9858:9858	2742658	14	True				
ANR	2744112	Statement	","	479:45:9859:9859	2742658	15	True				
ANR	2744113	Statement	av_ts2timestr	479:47:9861:9873	2742658	16	True				
ANR	2744114	Statement	(	479:60:9874:9874	2742658	17	True				
ANR	2744115	Statement	in_picture	479:61:9875:9884	2742658	18	True				
ANR	2744116	Statement	->	479:71:9885:9886	2742658	19	True				
ANR	2744117	Statement	pts	479:73:9887:9889	2742658	20	True				
ANR	2744118	Statement	","	479:76:9890:9890	2742658	21	True				
ANR	2744119	Statement	&	479:78:9892:9892	2742658	22	True				
ANR	2744120	Statement	enc	479:79:9893:9895	2742658	23	True				
ANR	2744121	Statement	->	479:82:9896:9897	2742658	24	True				
ANR	2744122	Statement	time_base	479:84:9898:9906	2742658	25	True				
ANR	2744123	Statement	)	479:93:9907:9907	2742658	26	True				
ANR	2744124	Statement	","	479:94:9908:9908	2742658	27	True				
ANR	2744125	Statement	enc	481:19:9930:9932	2742658	28	True				
ANR	2744126	Statement	->	481:22:9933:9934	2742658	29	True				
ANR	2744127	Statement	time_base	481:24:9935:9943	2742658	30	True				
ANR	2744128	Statement	.	481:33:9944:9944	2742658	31	True				
ANR	2744129	Statement	num	481:34:9945:9947	2742658	32	True				
ANR	2744130	Statement	","	481:37:9948:9948	2742658	33	True				
ANR	2744131	Statement	enc	481:39:9950:9952	2742658	34	True				
ANR	2744132	Statement	->	481:42:9953:9954	2742658	35	True				
ANR	2744133	Statement	time_base	481:44:9955:9963	2742658	36	True				
ANR	2744134	Statement	.	481:53:9964:9964	2742658	37	True				
ANR	2744135	Statement	den	481:54:9965:9967	2742658	38	True				
ANR	2744136	Statement	)	481:57:9968:9968	2742658	39	True				
ANR	2744137	ExpressionStatement		481:58:9969:9969	2742658	40	True				
ANR	2744138	ExpressionStatement	ost -> frames_encoded ++	487:8:9993:10014	2742658	11	True				
ANR	2744139	PostIncDecOperationExpression	ost -> frames_encoded ++		2742658	0					
ANR	2744140	PtrMemberAccess	ost -> frames_encoded		2742658	0					
ANR	2744141	Identifier	ost		2742658	0					
ANR	2744142	Identifier	frames_encoded		2742658	1					
ANR	2744143	IncDec	++		2742658	1					
ANR	2744144	ExpressionStatement	"ret = avcodec_encode_video2 ( enc , & pkt , in_picture , & got_packet )"	491:8:10027:10090	2742658	12	True				
ANR	2744145	AssignmentExpression	"ret = avcodec_encode_video2 ( enc , & pkt , in_picture , & got_packet )"		2742658	0		=			
ANR	2744146	Identifier	ret		2742658	0					
ANR	2744147	CallExpression	"avcodec_encode_video2 ( enc , & pkt , in_picture , & got_packet )"		2742658	1					
ANR	2744148	Callee	avcodec_encode_video2		2742658	0					
ANR	2744149	Identifier	avcodec_encode_video2		2742658	0					
ANR	2744150	ArgumentList	enc		2742658	1					
ANR	2744151	Argument	enc		2742658	0					
ANR	2744152	Identifier	enc		2742658	0					
ANR	2744153	Argument	& pkt		2742658	1					
ANR	2744154	UnaryOperationExpression	& pkt		2742658	0					
ANR	2744155	UnaryOperator	&		2742658	0					
ANR	2744156	Identifier	pkt		2742658	1					
ANR	2744157	Argument	in_picture		2742658	2					
ANR	2744158	Identifier	in_picture		2742658	0					
ANR	2744159	Argument	& got_packet		2742658	3					
ANR	2744160	UnaryOperationExpression	& got_packet		2742658	0					
ANR	2744161	UnaryOperator	&		2742658	0					
ANR	2744162	Identifier	got_packet		2742658	1					
ANR	2744163	ExpressionStatement	"update_benchmark ( ""encode_video %d.%d"" , ost -> file_index , ost -> index )"	493:8:10101:10168	2742658	13	True				
ANR	2744164	CallExpression	"update_benchmark ( ""encode_video %d.%d"" , ost -> file_index , ost -> index )"		2742658	0					
ANR	2744165	Callee	update_benchmark		2742658	0					
ANR	2744166	Identifier	update_benchmark		2742658	0					
ANR	2744167	ArgumentList	"""encode_video %d.%d"""		2742658	1					
ANR	2744168	Argument	"""encode_video %d.%d"""		2742658	0					
ANR	2744169	PrimaryExpression	"""encode_video %d.%d"""		2742658	0					
ANR	2744170	Argument	ost -> file_index		2742658	1					
ANR	2744171	PtrMemberAccess	ost -> file_index		2742658	0					
ANR	2744172	Identifier	ost		2742658	0					
ANR	2744173	Identifier	file_index		2742658	1					
ANR	2744174	Argument	ost -> index		2742658	2					
ANR	2744175	PtrMemberAccess	ost -> index		2742658	0					
ANR	2744176	Identifier	ost		2742658	0					
ANR	2744177	Identifier	index		2742658	1					
ANR	2744178	IfStatement	if ( ret < 0 )		2742658	14					
ANR	2744179	Condition	ret < 0	495:12:10183:10189	2742658	0	True				
ANR	2744180	RelationalExpression	ret < 0		2742658	0		<			
ANR	2744181	Identifier	ret		2742658	0					
ANR	2744182	PrimaryExpression	0		2742658	1					
ANR	2744183	CompoundStatement		487:21:10007:10007	2742658	1					
ANR	2744184	ExpressionStatement	"av_log ( NULL , AV_LOG_FATAL , ""Video encoding failed\\n"" )"	497:12:10207:10260	2742658	0	True				
ANR	2744185	CallExpression	"av_log ( NULL , AV_LOG_FATAL , ""Video encoding failed\\n"" )"		2742658	0					
ANR	2744186	Callee	av_log		2742658	0					
ANR	2744187	Identifier	av_log		2742658	0					
ANR	2744188	ArgumentList	NULL		2742658	1					
ANR	2744189	Argument	NULL		2742658	0					
ANR	2744190	Identifier	NULL		2742658	0					
ANR	2744191	Argument	AV_LOG_FATAL		2742658	1					
ANR	2744192	Identifier	AV_LOG_FATAL		2742658	0					
ANR	2744193	Argument	"""Video encoding failed\\n"""		2742658	2					
ANR	2744194	PrimaryExpression	"""Video encoding failed\\n"""		2742658	0					
ANR	2744195	ExpressionStatement	exit_program ( 1 )	499:12:10275:10290	2742658	1	True				
ANR	2744196	CallExpression	exit_program ( 1 )		2742658	0					
ANR	2744197	Callee	exit_program		2742658	0					
ANR	2744198	Identifier	exit_program		2742658	0					
ANR	2744199	ArgumentList	1		2742658	1					
ANR	2744200	Argument	1		2742658	0					
ANR	2744201	PrimaryExpression	1		2742658	0					
ANR	2744202	IfStatement	if ( got_packet )		2742658	15					
ANR	2744203	Condition	got_packet	505:12:10318:10327	2742658	0	True				
ANR	2744204	Identifier	got_packet		2742658	0					
ANR	2744205	CompoundStatement		497:24:10145:10145	2742658	1					
ANR	2744206	IfStatement	if ( debug_ts )		2742658	0					
ANR	2744207	Condition	debug_ts	507:16:10349:10356	2742658	0	True				
ANR	2744208	Identifier	debug_ts		2742658	0					
ANR	2744209	CompoundStatement		499:26:10174:10174	2742658	1					
ANR	2744210	Statement	av_log	509:16:10378:10383	2742658	0	True				
ANR	2744211	Statement	(	509:22:10384:10384	2742658	1	True				
ANR	2744212	Statement	NULL	509:23:10385:10388	2742658	2	True				
ANR	2744213	Statement	","	509:27:10389:10389	2742658	3	True				
ANR	2744214	Statement	AV_LOG_INFO	509:29:10391:10401	2742658	4	True				
ANR	2744215	Statement	","	509:40:10402:10402	2742658	5	True				
ANR	2744216	Statement	"""encoder -> type:video """	509:42:10404:10427	2742658	6	True				
ANR	2744217	Statement	"""pkt_pts:%s pkt_pts_time:%s pkt_dts:%s pkt_dts_time:%s\\n"""	511:23:10453:10509	2742658	7	True				
ANR	2744218	Statement	","	511:80:10510:10510	2742658	8	True				
ANR	2744219	Statement	av_ts2str	513:23:10536:10544	2742658	9	True				
ANR	2744220	Statement	(	513:32:10545:10545	2742658	10	True				
ANR	2744221	Statement	pkt	513:33:10546:10548	2742658	11	True				
ANR	2744222	Statement	.	513:36:10549:10549	2742658	12	True				
ANR	2744223	Statement	pts	513:37:10550:10552	2742658	13	True				
ANR	2744224	Statement	)	513:40:10553:10553	2742658	14	True				
ANR	2744225	Statement	","	513:41:10554:10554	2742658	15	True				
ANR	2744226	Statement	av_ts2timestr	513:43:10556:10568	2742658	16	True				
ANR	2744227	Statement	(	513:56:10569:10569	2742658	17	True				
ANR	2744228	Statement	pkt	513:57:10570:10572	2742658	18	True				
ANR	2744229	Statement	.	513:60:10573:10573	2742658	19	True				
ANR	2744230	Statement	pts	513:61:10574:10576	2742658	20	True				
ANR	2744231	Statement	","	513:64:10577:10577	2742658	21	True				
ANR	2744232	Statement	&	513:66:10579:10579	2742658	22	True				
ANR	2744233	Statement	enc	513:67:10580:10582	2742658	23	True				
ANR	2744234	Statement	->	513:70:10583:10584	2742658	24	True				
ANR	2744235	Statement	time_base	513:72:10585:10593	2742658	25	True				
ANR	2744236	Statement	)	513:81:10594:10594	2742658	26	True				
ANR	2744237	Statement	","	513:82:10595:10595	2742658	27	True				
ANR	2744238	Statement	av_ts2str	515:23:10621:10629	2742658	28	True				
ANR	2744239	Statement	(	515:32:10630:10630	2742658	29	True				
ANR	2744240	Statement	pkt	515:33:10631:10633	2742658	30	True				
ANR	2744241	Statement	.	515:36:10634:10634	2742658	31	True				
ANR	2744242	Statement	dts	515:37:10635:10637	2742658	32	True				
ANR	2744243	Statement	)	515:40:10638:10638	2742658	33	True				
ANR	2744244	Statement	","	515:41:10639:10639	2742658	34	True				
ANR	2744245	Statement	av_ts2timestr	515:43:10641:10653	2742658	35	True				
ANR	2744246	Statement	(	515:56:10654:10654	2742658	36	True				
ANR	2744247	Statement	pkt	515:57:10655:10657	2742658	37	True				
ANR	2744248	Statement	.	515:60:10658:10658	2742658	38	True				
ANR	2744249	Statement	dts	515:61:10659:10661	2742658	39	True				
ANR	2744250	Statement	","	515:64:10662:10662	2742658	40	True				
ANR	2744251	Statement	&	515:66:10664:10664	2742658	41	True				
ANR	2744252	Statement	enc	515:67:10665:10667	2742658	42	True				
ANR	2744253	Statement	->	515:70:10668:10669	2742658	43	True				
ANR	2744254	Statement	time_base	515:72:10670:10678	2742658	44	True				
ANR	2744255	Statement	)	515:81:10679:10679	2742658	45	True				
ANR	2744256	Statement	)	515:82:10680:10680	2742658	46	True				
ANR	2744257	ExpressionStatement		515:83:10681:10681	2742658	47	True				
ANR	2744258	IfStatement	if ( pkt . pts == AV_NOPTS_VALUE && ! ( enc -> codec -> capabilities & AV_CODEC_CAP_DELAY ) )		2742658	1					
ANR	2744259	Condition	pkt . pts == AV_NOPTS_VALUE && ! ( enc -> codec -> capabilities & AV_CODEC_CAP_DELAY )	521:16:10717:10793	2742658	0	True				
ANR	2744260	AndExpression	pkt . pts == AV_NOPTS_VALUE && ! ( enc -> codec -> capabilities & AV_CODEC_CAP_DELAY )		2742658	0		&&			
ANR	2744261	EqualityExpression	pkt . pts == AV_NOPTS_VALUE		2742658	0		==			
ANR	2744262	MemberAccess	pkt . pts		2742658	0					
ANR	2744263	Identifier	pkt		2742658	0					
ANR	2744264	Identifier	pts		2742658	1					
ANR	2744265	Identifier	AV_NOPTS_VALUE		2742658	1					
ANR	2744266	UnaryOperationExpression	! ( enc -> codec -> capabilities & AV_CODEC_CAP_DELAY )		2742658	1					
ANR	2744267	UnaryOperator	!		2742658	0					
ANR	2744268	BitAndExpression	enc -> codec -> capabilities & AV_CODEC_CAP_DELAY		2742658	1		&			
ANR	2744269	PtrMemberAccess	enc -> codec -> capabilities		2742658	0					
ANR	2744270	PtrMemberAccess	enc -> codec		2742658	0					
ANR	2744271	Identifier	enc		2742658	0					
ANR	2744272	Identifier	codec		2742658	1					
ANR	2744273	Identifier	capabilities		2742658	1					
ANR	2744274	Identifier	AV_CODEC_CAP_DELAY		2742658	1					
ANR	2744275	ExpressionStatement	pkt . pts = ost -> sync_opts	523:16:10813:10837	2742658	1	True				
ANR	2744276	AssignmentExpression	pkt . pts = ost -> sync_opts		2742658	0		=			
ANR	2744277	MemberAccess	pkt . pts		2742658	0					
ANR	2744278	Identifier	pkt		2742658	0					
ANR	2744279	Identifier	pts		2742658	1					
ANR	2744280	PtrMemberAccess	ost -> sync_opts		2742658	1					
ANR	2744281	Identifier	ost		2742658	0					
ANR	2744282	Identifier	sync_opts		2742658	1					
ANR	2744283	ExpressionStatement	"av_packet_rescale_ts ( & pkt , enc -> time_base , ost -> st -> time_base )"	527:12:10854:10916	2742658	2	True				
ANR	2744284	CallExpression	"av_packet_rescale_ts ( & pkt , enc -> time_base , ost -> st -> time_base )"		2742658	0					
ANR	2744285	Callee	av_packet_rescale_ts		2742658	0					
ANR	2744286	Identifier	av_packet_rescale_ts		2742658	0					
ANR	2744287	ArgumentList	& pkt		2742658	1					
ANR	2744288	Argument	& pkt		2742658	0					
ANR	2744289	UnaryOperationExpression	& pkt		2742658	0					
ANR	2744290	UnaryOperator	&		2742658	0					
ANR	2744291	Identifier	pkt		2742658	1					
ANR	2744292	Argument	enc -> time_base		2742658	1					
ANR	2744293	PtrMemberAccess	enc -> time_base		2742658	0					
ANR	2744294	Identifier	enc		2742658	0					
ANR	2744295	Identifier	time_base		2742658	1					
ANR	2744296	Argument	ost -> st -> time_base		2742658	2					
ANR	2744297	PtrMemberAccess	ost -> st -> time_base		2742658	0					
ANR	2744298	PtrMemberAccess	ost -> st		2742658	0					
ANR	2744299	Identifier	ost		2742658	0					
ANR	2744300	Identifier	st		2742658	1					
ANR	2744301	Identifier	time_base		2742658	1					
ANR	2744302	IfStatement	if ( debug_ts )		2742658	3					
ANR	2744303	Condition	debug_ts	531:16:10937:10944	2742658	0	True				
ANR	2744304	Identifier	debug_ts		2742658	0					
ANR	2744305	CompoundStatement		523:26:10762:10762	2742658	1					
ANR	2744306	Statement	av_log	533:16:10966:10971	2742658	0	True				
ANR	2744307	Statement	(	533:22:10972:10972	2742658	1	True				
ANR	2744308	Statement	NULL	533:23:10973:10976	2742658	2	True				
ANR	2744309	Statement	","	533:27:10977:10977	2742658	3	True				
ANR	2744310	Statement	AV_LOG_INFO	533:29:10979:10989	2742658	4	True				
ANR	2744311	Statement	","	533:40:10990:10990	2742658	5	True				
ANR	2744312	Statement	"""encoder -> type:video """	533:42:10992:11015	2742658	6	True				
ANR	2744313	Statement	"""pkt_pts:%s pkt_pts_time:%s pkt_dts:%s pkt_dts_time:%s\\n"""	535:20:11038:11094	2742658	7	True				
ANR	2744314	Statement	","	535:77:11095:11095	2742658	8	True				
ANR	2744315	Statement	av_ts2str	537:20:11118:11126	2742658	9	True				
ANR	2744316	Statement	(	537:29:11127:11127	2742658	10	True				
ANR	2744317	Statement	pkt	537:30:11128:11130	2742658	11	True				
ANR	2744318	Statement	.	537:33:11131:11131	2742658	12	True				
ANR	2744319	Statement	pts	537:34:11132:11134	2742658	13	True				
ANR	2744320	Statement	)	537:37:11135:11135	2742658	14	True				
ANR	2744321	Statement	","	537:38:11136:11136	2742658	15	True				
ANR	2744322	Statement	av_ts2timestr	537:40:11138:11150	2742658	16	True				
ANR	2744323	Statement	(	537:53:11151:11151	2742658	17	True				
ANR	2744324	Statement	pkt	537:54:11152:11154	2742658	18	True				
ANR	2744325	Statement	.	537:57:11155:11155	2742658	19	True				
ANR	2744326	Statement	pts	537:58:11156:11158	2742658	20	True				
ANR	2744327	Statement	","	537:61:11159:11159	2742658	21	True				
ANR	2744328	Statement	&	537:63:11161:11161	2742658	22	True				
ANR	2744329	Statement	ost	537:64:11162:11164	2742658	23	True				
ANR	2744330	Statement	->	537:67:11165:11166	2742658	24	True				
ANR	2744331	Statement	st	537:69:11167:11168	2742658	25	True				
ANR	2744332	Statement	->	537:71:11169:11170	2742658	26	True				
ANR	2744333	Statement	time_base	537:73:11171:11179	2742658	27	True				
ANR	2744334	Statement	)	537:82:11180:11180	2742658	28	True				
ANR	2744335	Statement	","	537:83:11181:11181	2742658	29	True				
ANR	2744336	Statement	av_ts2str	539:20:11204:11212	2742658	30	True				
ANR	2744337	Statement	(	539:29:11213:11213	2742658	31	True				
ANR	2744338	Statement	pkt	539:30:11214:11216	2742658	32	True				
ANR	2744339	Statement	.	539:33:11217:11217	2742658	33	True				
ANR	2744340	Statement	dts	539:34:11218:11220	2742658	34	True				
ANR	2744341	Statement	)	539:37:11221:11221	2742658	35	True				
ANR	2744342	Statement	","	539:38:11222:11222	2742658	36	True				
ANR	2744343	Statement	av_ts2timestr	539:40:11224:11236	2742658	37	True				
ANR	2744344	Statement	(	539:53:11237:11237	2742658	38	True				
ANR	2744345	Statement	pkt	539:54:11238:11240	2742658	39	True				
ANR	2744346	Statement	.	539:57:11241:11241	2742658	40	True				
ANR	2744347	Statement	dts	539:58:11242:11244	2742658	41	True				
ANR	2744348	Statement	","	539:61:11245:11245	2742658	42	True				
ANR	2744349	Statement	&	539:63:11247:11247	2742658	43	True				
ANR	2744350	Statement	ost	539:64:11248:11250	2742658	44	True				
ANR	2744351	Statement	->	539:67:11251:11252	2742658	45	True				
ANR	2744352	Statement	st	539:69:11253:11254	2742658	46	True				
ANR	2744353	Statement	->	539:71:11255:11256	2742658	47	True				
ANR	2744354	Statement	time_base	539:73:11257:11265	2742658	48	True				
ANR	2744355	Statement	)	539:82:11266:11266	2742658	49	True				
ANR	2744356	Statement	)	539:83:11267:11267	2742658	50	True				
ANR	2744357	ExpressionStatement		539:84:11268:11268	2742658	51	True				
ANR	2744358	ExpressionStatement	frame_size = pkt . size	545:12:11300:11321	2742658	4	True				
ANR	2744359	AssignmentExpression	frame_size = pkt . size		2742658	0		=			
ANR	2744360	Identifier	frame_size		2742658	0					
ANR	2744361	MemberAccess	pkt . size		2742658	1					
ANR	2744362	Identifier	pkt		2742658	0					
ANR	2744363	Identifier	size		2742658	1					
ANR	2744364	ExpressionStatement	"write_frame ( s , & pkt , ost )"	547:12:11336:11361	2742658	5	True				
ANR	2744365	CallExpression	"write_frame ( s , & pkt , ost )"		2742658	0					
ANR	2744366	Callee	write_frame		2742658	0					
ANR	2744367	Identifier	write_frame		2742658	0					
ANR	2744368	ArgumentList	s		2742658	1					
ANR	2744369	Argument	s		2742658	0					
ANR	2744370	Identifier	s		2742658	0					
ANR	2744371	Argument	& pkt		2742658	1					
ANR	2744372	UnaryOperationExpression	& pkt		2742658	0					
ANR	2744373	UnaryOperator	&		2742658	0					
ANR	2744374	Identifier	pkt		2742658	1					
ANR	2744375	Argument	ost		2742658	2					
ANR	2744376	Identifier	ost		2742658	0					
ANR	2744377	IfStatement	if ( ost -> logfile && enc -> stats_out )		2742658	6					
ANR	2744378	Condition	ost -> logfile && enc -> stats_out	553:16:11425:11454	2742658	0	True				
ANR	2744379	AndExpression	ost -> logfile && enc -> stats_out		2742658	0		&&			
ANR	2744380	PtrMemberAccess	ost -> logfile		2742658	0					
ANR	2744381	Identifier	ost		2742658	0					
ANR	2744382	Identifier	logfile		2742658	1					
ANR	2744383	PtrMemberAccess	enc -> stats_out		2742658	1					
ANR	2744384	Identifier	enc		2742658	0					
ANR	2744385	Identifier	stats_out		2742658	1					
ANR	2744386	CompoundStatement		545:48:11272:11272	2742658	1					
ANR	2744387	ExpressionStatement	"fprintf ( ost -> logfile , ""%s"" , enc -> stats_out )"	555:16:11476:11519	2742658	0	True				
ANR	2744388	CallExpression	"fprintf ( ost -> logfile , ""%s"" , enc -> stats_out )"		2742658	0					
ANR	2744389	Callee	fprintf		2742658	0					
ANR	2744390	Identifier	fprintf		2742658	0					
ANR	2744391	ArgumentList	ost -> logfile		2742658	1					
ANR	2744392	Argument	ost -> logfile		2742658	0					
ANR	2744393	PtrMemberAccess	ost -> logfile		2742658	0					
ANR	2744394	Identifier	ost		2742658	0					
ANR	2744395	Identifier	logfile		2742658	1					
ANR	2744396	Argument	"""%s"""		2742658	1					
ANR	2744397	PrimaryExpression	"""%s"""		2742658	0					
ANR	2744398	Argument	enc -> stats_out		2742658	2					
ANR	2744399	PtrMemberAccess	enc -> stats_out		2742658	0					
ANR	2744400	Identifier	enc		2742658	0					
ANR	2744401	Identifier	stats_out		2742658	1					
ANR	2744402	ExpressionStatement	ost -> sync_opts ++	563:4:11559:11575	2742658	9	True				
ANR	2744403	PostIncDecOperationExpression	ost -> sync_opts ++		2742658	0					
ANR	2744404	PtrMemberAccess	ost -> sync_opts		2742658	0					
ANR	2744405	Identifier	ost		2742658	0					
ANR	2744406	Identifier	sync_opts		2742658	1					
ANR	2744407	IncDec	++		2742658	1					
ANR	2744408	ExpressionStatement	ost -> frame_number ++	575:4:11814:11833	2742658	10	True				
ANR	2744409	PostIncDecOperationExpression	ost -> frame_number ++		2742658	0					
ANR	2744410	PtrMemberAccess	ost -> frame_number		2742658	0					
ANR	2744411	Identifier	ost		2742658	0					
ANR	2744412	Identifier	frame_number		2742658	1					
ANR	2744413	IncDec	++		2742658	1					
ANR	2744414	IfStatement	if ( vstats_filename && frame_size )		2742658	11					
ANR	2744415	Condition	vstats_filename && frame_size	579:8:11846:11874	2742658	0	True				
ANR	2744416	AndExpression	vstats_filename && frame_size		2742658	0		&&			
ANR	2744417	Identifier	vstats_filename		2742658	0					
ANR	2744418	Identifier	frame_size		2742658	1					
ANR	2744419	ExpressionStatement	"do_video_stats ( ost , frame_size )"	581:8:11886:11917	2742658	1	True				
ANR	2744420	CallExpression	"do_video_stats ( ost , frame_size )"		2742658	0					
ANR	2744421	Callee	do_video_stats		2742658	0					
ANR	2744422	Identifier	do_video_stats		2742658	0					
ANR	2744423	ArgumentList	ost		2742658	1					
ANR	2744424	Argument	ost		2742658	0					
ANR	2744425	Identifier	ost		2742658	0					
ANR	2744426	Argument	frame_size		2742658	1					
ANR	2744427	Identifier	frame_size		2742658	0					
ANR	2744428	IfStatement	if ( ! ost -> last_frame )		2742658	23					
ANR	2744429	Condition	! ost -> last_frame	587:8:11935:11950	2742658	0	True				
ANR	2744430	UnaryOperationExpression	! ost -> last_frame		2742658	0					
ANR	2744431	UnaryOperator	!		2742658	0					
ANR	2744432	PtrMemberAccess	ost -> last_frame		2742658	1					
ANR	2744433	Identifier	ost		2742658	0					
ANR	2744434	Identifier	last_frame		2742658	1					
ANR	2744435	ExpressionStatement	ost -> last_frame = av_frame_alloc ( )	589:8:11962:11996	2742658	1	True				
ANR	2744436	AssignmentExpression	ost -> last_frame = av_frame_alloc ( )		2742658	0		=			
ANR	2744437	PtrMemberAccess	ost -> last_frame		2742658	0					
ANR	2744438	Identifier	ost		2742658	0					
ANR	2744439	Identifier	last_frame		2742658	1					
ANR	2744440	CallExpression	av_frame_alloc ( )		2742658	1					
ANR	2744441	Callee	av_frame_alloc		2742658	0					
ANR	2744442	Identifier	av_frame_alloc		2742658	0					
ANR	2744443	ArgumentList			2742658	1					
ANR	2744444	ExpressionStatement	av_frame_unref ( ost -> last_frame )	591:4:12003:12034	2742658	24	True				
ANR	2744445	CallExpression	av_frame_unref ( ost -> last_frame )		2742658	0					
ANR	2744446	Callee	av_frame_unref		2742658	0					
ANR	2744447	Identifier	av_frame_unref		2742658	0					
ANR	2744448	ArgumentList	ost -> last_frame		2742658	1					
ANR	2744449	Argument	ost -> last_frame		2742658	0					
ANR	2744450	PtrMemberAccess	ost -> last_frame		2742658	0					
ANR	2744451	Identifier	ost		2742658	0					
ANR	2744452	Identifier	last_frame		2742658	1					
ANR	2744453	IfStatement	if ( next_picture && ost -> last_frame )		2742658	25					
ANR	2744454	Condition	next_picture && ost -> last_frame	593:8:12045:12075	2742658	0	True				
ANR	2744455	AndExpression	next_picture && ost -> last_frame		2742658	0		&&			
ANR	2744456	Identifier	next_picture		2742658	0					
ANR	2744457	PtrMemberAccess	ost -> last_frame		2742658	1					
ANR	2744458	Identifier	ost		2742658	0					
ANR	2744459	Identifier	last_frame		2742658	1					
ANR	2744460	ExpressionStatement	"av_frame_ref ( ost -> last_frame , next_picture )"	595:8:12087:12130	2742658	1	True				
ANR	2744461	CallExpression	"av_frame_ref ( ost -> last_frame , next_picture )"		2742658	0					
ANR	2744462	Callee	av_frame_ref		2742658	0					
ANR	2744463	Identifier	av_frame_ref		2742658	0					
ANR	2744464	ArgumentList	ost -> last_frame		2742658	1					
ANR	2744465	Argument	ost -> last_frame		2742658	0					
ANR	2744466	PtrMemberAccess	ost -> last_frame		2742658	0					
ANR	2744467	Identifier	ost		2742658	0					
ANR	2744468	Identifier	last_frame		2742658	1					
ANR	2744469	Argument	next_picture		2742658	1					
ANR	2744470	Identifier	next_picture		2742658	0					
ANR	2744471	ElseStatement	else		2742658	0					
ANR	2744472	ExpressionStatement	av_frame_free ( & ost -> last_frame )	599:8:12151:12182	2742658	0	True				
ANR	2744473	CallExpression	av_frame_free ( & ost -> last_frame )		2742658	0					
ANR	2744474	Callee	av_frame_free		2742658	0					
ANR	2744475	Identifier	av_frame_free		2742658	0					
ANR	2744476	ArgumentList	& ost -> last_frame		2742658	1					
ANR	2744477	Argument	& ost -> last_frame		2742658	0					
ANR	2744478	UnaryOperationExpression	& ost -> last_frame		2742658	0					
ANR	2744479	UnaryOperator	&		2742658	0					
ANR	2744480	PtrMemberAccess	ost -> last_frame		2742658	1					
ANR	2744481	Identifier	ost		2742658	0					
ANR	2744482	Identifier	last_frame		2742658	1					
ANR	2744483	ReturnType	static void		2742658	1					
ANR	2744484	Identifier	do_video_out		2742658	2					
ANR	2744485	ParameterList	"AVFormatContext * s , OutputStream * ost , AVFrame * next_picture , double sync_ipts"		2742658	3					
ANR	2744486	Parameter	AVFormatContext * s	1:25:25:42	2742658	0	True				
ANR	2744487	ParameterType	AVFormatContext *		2742658	0					
ANR	2744488	Identifier	s		2742658	1					
ANR	2744489	Parameter	OutputStream * ost	3:25:71:87	2742658	1	True				
ANR	2744490	ParameterType	OutputStream *		2742658	0					
ANR	2744491	Identifier	ost		2742658	1					
ANR	2744492	Parameter	AVFrame * next_picture	5:25:116:136	2742658	2	True				
ANR	2744493	ParameterType	AVFrame *		2742658	0					
ANR	2744494	Identifier	next_picture		2742658	1					
ANR	2744495	Parameter	double sync_ipts	7:25:165:180	2742658	3	True				
ANR	2744496	ParameterType	double		2742658	0					
ANR	2744497	Identifier	sync_ipts		2742658	1					
ANR	2744498	CFGEntryNode	ENTRY		2742658		True				
ANR	2744499	CFGExitNode	EXIT		2742658		True				
ANR	2744500	Symbol	AV_FIELD_PROGRESSIVE		2742658						
ANR	2744501	Symbol	ist -> st -> time_base		2742658						
ANR	2744502	Symbol	input_files [ ist -> file_index ] -> input_ts_offset		2742658						
ANR	2744503	Symbol	ost -> enc_ctx		2742658						
ANR	2744504	Symbol	* input_files [ ist -> file_index ] -> ctx		2742658						
ANR	2744505	Symbol	delta		2742658						
ANR	2744506	Symbol	* * * ist		2742658						
ANR	2744507	Symbol	input_files [ ist -> file_index ] -> ctx -> nb_streams		2742658						
ANR	2744508	Symbol	ost -> last_frame		2742658						
ANR	2744509	Symbol	ost -> max_frames		2742658						
ANR	2744510	Symbol	frame_drop_threshold		2742658						
ANR	2744511	Symbol	* * * filter		2742658						
ANR	2744512	Symbol	ost -> forced_kf_index		2742658						
ANR	2744513	Symbol	ist -> st -> first_dts		2742658						
ANR	2744514	Symbol	* enc -> codec		2742658						
ANR	2744515	Symbol	ost		2742658						
ANR	2744516	Symbol	strncmp		2742658						
ANR	2744517	Symbol	ost -> forced_keyframes_expr_const_values		2742658						
ANR	2744518	Symbol	enc -> codec -> id		2742658						
ANR	2744519	Symbol	ost -> frame_rate . num		2742658						
ANR	2744520	Symbol	AVFMT_VARIABLE_FPS		2742658						
ANR	2744521	Symbol	& ost -> last_frame		2742658						
ANR	2744522	Symbol	nb_frames		2742658						
ANR	2744523	Symbol	AV_LOG_DEBUG		2742658						
ANR	2744524	Symbol	delta0		2742658						
ANR	2744525	Symbol	lrintf		2742658						
ANR	2744526	Symbol	ost -> last_droped		2742658						
ANR	2744527	Symbol	* FKF_T		2742658						
ANR	2744528	Symbol	* mux_enc		2742658						
ANR	2744529	Symbol	ost -> last_nb0_frames		2742658						
ANR	2744530	Symbol	enc -> global_quality		2742658						
ANR	2744531	Symbol	ost -> frame_number		2742658						
ANR	2744532	Symbol	forced_keyframe		2742658						
ANR	2744533	Symbol	av_expr_eval		2742658						
ANR	2744534	Symbol	* ost -> forced_keyframes_expr_const_values		2742658						
ANR	2744535	Symbol	* ost -> source_index		2742658						
ANR	2744536	Symbol	AV_LOG_VERBOSE		2742658						
ANR	2744537	Symbol	FKF_PREV_FORCED_N		2742658						
ANR	2744538	Symbol	FF_ARRAY_ELEMS		2742658						
ANR	2744539	Symbol	ist -> file_index		2742658						
ANR	2744540	Symbol	enc -> time_base		2742658						
ANR	2744541	Symbol	ost -> file_index		2742658						
ANR	2744542	Symbol	ost -> index		2742658						
ANR	2744543	Symbol	vstats_filename		2742658						
ANR	2744544	Symbol	FKF_PREV_FORCED_T		2742658						
ANR	2744545	Symbol	* * filter		2742658						
ANR	2744546	Symbol	ost -> logfile		2742658						
ANR	2744547	Symbol	in_picture		2742658						
ANR	2744548	Symbol	* ost -> forced_kf_index		2742658						
ANR	2744549	Symbol	FKF_N_FORCED		2742658						
ANR	2744550	Symbol	* s -> oformat		2742658						
ANR	2744551	Symbol	ost -> frames_encoded		2742658						
ANR	2744552	Symbol	filter -> inputs [ 0 ] -> frame_rate		2742658						
ANR	2744553	Symbol	FKF_T		2742658						
ANR	2744554	Symbol	frame_size		2742658						
ANR	2744555	Symbol	AV_NOPTS_VALUE		2742658						
ANR	2744556	Symbol	nb_frames_dup		2742658						
ANR	2744557	Symbol	FKF_N		2742658						
ANR	2744558	Symbol	debug_ts		2742658						
ANR	2744559	Symbol	ost -> filters		2742658						
ANR	2744560	Symbol	filter -> inputs [ 0 ] -> frame_rate . num		2742658						
ANR	2744561	Symbol	VSYNC_VFR		2742658						
ANR	2744562	Symbol	in_picture -> pict_type		2742658						
ANR	2744563	Symbol	ost -> sync_opts		2742658						
ANR	2744564	Symbol	* * s		2742658						
ANR	2744565	Symbol	* * ist -> file_index		2742658						
ANR	2744566	Symbol	copy_ts		2742658						
ANR	2744567	Symbol	dts_error_threshold		2742658						
ANR	2744568	Symbol	filter -> inputs		2742658						
ANR	2744569	Symbol	* ost -> last_nb0_frames		2742658						
ANR	2744570	Symbol	pkt . pts		2742658						
ANR	2744571	Symbol	* * ost		2742658						
ANR	2744572	Symbol	AV_LOG_ERROR		2742658						
ANR	2744573	Symbol	* FKF_N		2742658						
ANR	2744574	Symbol	input_streams		2742658						
ANR	2744575	Symbol	* * * * ist		2742658						
ANR	2744576	Symbol	i		2742658						
ANR	2744577	Symbol	AV_CODEC_CAP_DELAY		2742658						
ANR	2744578	Symbol	filter		2742658						
ANR	2744579	Symbol	* FKF_PREV_FORCED_T		2742658						
ANR	2744580	Symbol	s		2742658						
ANR	2744581	Symbol	video_sync_method		2742658						
ANR	2744582	Symbol	* FKF_PREV_FORCED_N		2742658						
ANR	2744583	Symbol	in_picture -> pts		2742658						
ANR	2744584	Symbol	mux_enc -> field_order		2742658						
ANR	2744585	Symbol	ost -> st		2742658						
ANR	2744586	Symbol	in_picture -> key_frame		2742658						
ANR	2744587	Symbol	* ost		2742658						
ANR	2744588	Symbol	ost -> filter		2742658						
ANR	2744589	Symbol	in_picture -> top_field_first		2742658						
ANR	2744590	Symbol	ost -> filters_script		2742658						
ANR	2744591	Symbol	input_files [ ist -> file_index ] -> ctx		2742658						
ANR	2744592	Symbol	AV_LOG_WARNING		2742658						
ANR	2744593	Symbol	pkt . flags		2742658						
ANR	2744594	Symbol	sync_ipts		2742658						
ANR	2744595	Symbol	pkt . data		2742658						
ANR	2744596	Symbol	format_video_sync		2742658						
ANR	2744597	Symbol	enc -> codec		2742658						
ANR	2744598	Symbol	VSYNC_DROP		2742658						
ANR	2744599	Symbol	cor		2742658						
ANR	2744600	Symbol	AV_CODEC_FLAG_INTERLACED_ME		2742658						
ANR	2744601	Symbol	* * filter -> inputs		2742658						
ANR	2744602	Symbol	FFMIN		2742658						
ANR	2744603	Symbol	ist		2742658						
ANR	2744604	Symbol	lrint		2742658						
ANR	2744605	Symbol	AV_LOG_FATAL		2742658						
ANR	2744606	Symbol	* ost -> forced_kf_pts		2742658						
ANR	2744607	Symbol	ost -> forced_kf_count		2742658						
ANR	2744608	Symbol	AV_CODEC_ID_RAWVIDEO		2742658						
ANR	2744609	Symbol	pts_time		2742658						
ANR	2744610	Symbol	* * * input_files		2742658						
ANR	2744611	Symbol	ost -> forced_keyframes		2742658						
ANR	2744612	Symbol	mux_enc		2742658						
ANR	2744613	Symbol	& got_packet		2742658						
ANR	2744614	Symbol	ret		2742658						
ANR	2744615	Symbol	strcmp		2742658						
ANR	2744616	Symbol	* ost -> st		2742658						
ANR	2744617	Symbol	res		2742658						
ANR	2744618	Symbol	nb_frames_drop		2742658						
ANR	2744619	Symbol	NULL		2742658						
ANR	2744620	Symbol	nb0_frames		2742658						
ANR	2744621	Symbol	AV_FIELD_TT		2742658						
ANR	2744622	Symbol	ist -> st		2742658						
ANR	2744623	Symbol	ost -> top_field_first		2742658						
ANR	2744624	Symbol	av_q2d		2742658						
ANR	2744625	Symbol	next_picture		2742658						
ANR	2744626	Symbol	* * enc		2742658						
ANR	2744627	Symbol	av_rescale_q		2742658						
ANR	2744628	Symbol	* FKF_N_FORCED		2742658						
ANR	2744629	Symbol	enc -> codec -> capabilities		2742658						
ANR	2744630	Symbol	av_frame_alloc		2742658						
ANR	2744631	Symbol	input_files		2742658						
ANR	2744632	Symbol	ost -> filter -> filter		2742658						
ANR	2744633	Symbol	* * input_files		2742658						
ANR	2744634	Symbol	av_frame_get_pkt_duration		2742658						
ANR	2744635	Symbol	AV_PKT_FLAG_KEY		2742658						
ANR	2744636	Symbol	in_picture -> interlaced_frame		2742658						
ANR	2744637	Symbol	* enc		2742658						
ANR	2744638	Symbol	s -> oformat		2742658						
ANR	2744639	Symbol	* * * ist -> file_index		2742658						
ANR	2744640	Symbol	AVFMT_NOTIMESTAMPS		2742658						
ANR	2744641	Symbol	enc -> stats_out		2742658						
ANR	2744642	Symbol	* ost -> filter		2742658						
ANR	2744643	Symbol	avcodec_encode_video2		2742658						
ANR	2744644	Symbol	VSYNC_AUTO		2742658						
ANR	2744645	Symbol	AV_FIELD_BT		2742658						
ANR	2744646	Symbol	ost -> st -> codec		2742658						
ANR	2744647	Symbol	filter -> inputs [ 0 ] -> frame_rate . den		2742658						
ANR	2744648	Symbol	* ist		2742658						
ANR	2744649	Symbol	got_packet		2742658						
ANR	2744650	Symbol	enc -> flags		2742658						
ANR	2744651	Symbol	duration		2742658						
ANR	2744652	Symbol	AV_CODEC_ID_MJPEG		2742658						
ANR	2744653	Symbol	* ist -> st		2742658						
ANR	2744654	Symbol	AV_FIELD_TB		2742658						
ANR	2744655	Symbol	ost -> forced_keyframes_pexpr		2742658						
ANR	2744656	Symbol	ist -> st -> start_time		2742658						
ANR	2744657	Symbol	pkt		2742658						
ANR	2744658	Symbol	* input_streams		2742658						
ANR	2744659	Symbol	pkt . size		2742658						
ANR	2744660	Symbol	mid_pred		2742658						
ANR	2744661	Symbol	AV_PICTURE_TYPE_I		2742658						
ANR	2744662	Symbol	enc		2742658						
ANR	2744663	Symbol	* filter -> inputs		2742658						
ANR	2744664	Symbol	check_recording_time		2742658						
ANR	2744665	Symbol	* * ist		2742658						
ANR	2744666	Symbol	ost -> forced_kf_pts		2742658						
ANR	2744667	Symbol	AVFMT_RAWPICTURE		2742658						
ANR	2744668	Symbol	ost -> source_index		2742658						
ANR	2744669	Symbol	in_picture -> quality		2742658						
ANR	2744670	Symbol	ost -> frame_rate		2742658						
ANR	2744671	Symbol	AV_FIELD_BB		2742658						
ANR	2744672	Symbol	VSYNC_PASSTHROUGH		2742658						
ANR	2744673	Symbol	* input_files		2742658						
ANR	2744674	Symbol	VSYNC_VSCFR		2742658						
ANR	2744675	Symbol	* filter		2742658						
ANR	2744676	Symbol	ost -> st -> time_base		2742658						
ANR	2744677	Symbol	s -> oformat -> flags		2742658						
ANR	2744678	Symbol	AV_CODEC_FLAG_INTERLACED_DCT		2742658						
ANR	2744679	Symbol	& pkt		2742658						
ANR	2744680	Symbol	* in_picture		2742658						
ANR	2744681	Symbol	s -> oformat -> name		2742658						
ANR	2744682	Symbol	NAN		2742658						
ANR	2744683	Symbol	* s		2742658						
ANR	2744684	Symbol	VSYNC_CFR		2742658						
ANR	2744685	Symbol	* ist -> file_index		2742658						
