start	end	type	var
4808520	4808521	IS_AST_PARENT	
4808520	4808522	IS_AST_PARENT	
4808519	4808520	IS_AST_PARENT	
4808523	4808524	IS_AST_PARENT	
4808525	4808526	IS_AST_PARENT	
4808527	4808528	IS_AST_PARENT	
4808527	4808529	IS_AST_PARENT	
4808525	4808527	IS_AST_PARENT	
4808523	4808525	IS_AST_PARENT	
4808519	4808523	IS_AST_PARENT	
4808518	4808519	IS_AST_PARENT	
4808517	4808518	IS_AST_PARENT	
4808532	4808533	IS_AST_PARENT	
4808532	4808534	IS_AST_PARENT	
4808531	4808532	IS_AST_PARENT	
4808531	4808535	IS_AST_PARENT	
4808530	4808531	IS_AST_PARENT	
4808517	4808530	IS_AST_PARENT	
4808538	4808539	IS_AST_PARENT	
4808538	4808540	IS_AST_PARENT	
4808537	4808538	IS_AST_PARENT	
4808537	4808541	IS_AST_PARENT	
4808536	4808537	IS_AST_PARENT	
4808517	4808536	IS_AST_PARENT	
4808544	4808545	IS_AST_PARENT	
4808544	4808546	IS_AST_PARENT	
4808543	4808544	IS_AST_PARENT	
4808543	4808547	IS_AST_PARENT	
4808542	4808543	IS_AST_PARENT	
4808517	4808542	IS_AST_PARENT	
4808549	4808550	IS_AST_PARENT	
4808548	4808549	IS_AST_PARENT	
4808552	4808553	IS_AST_PARENT	
4808551	4808552	IS_AST_PARENT	
4808556	4808557	IS_AST_PARENT	
4808555	4808556	IS_AST_PARENT	
4808561	4808562	IS_AST_PARENT	
4808560	4808561	IS_AST_PARENT	
4808565	4808566	IS_AST_PARENT	
4808565	4808567	IS_AST_PARENT	
4808564	4808565	IS_AST_PARENT	
4808563	4808564	IS_AST_PARENT	
4808560	4808563	IS_AST_PARENT	
4808559	4808560	IS_AST_PARENT	
4808558	4808559	IS_AST_PARENT	
4808569	4808570	IS_AST_PARENT	
4808571	4808572	IS_AST_PARENT	
4808571	4808573	IS_AST_PARENT	
4808569	4808571	IS_AST_PARENT	
4808568	4808569	IS_AST_PARENT	
4808558	4808568	IS_AST_PARENT	
4808576	4808577	IS_AST_PARENT	
4808576	4808578	IS_AST_PARENT	
4808575	4808576	IS_AST_PARENT	
4808575	4808579	IS_AST_PARENT	
4808574	4808575	IS_AST_PARENT	
4808558	4808574	IS_AST_PARENT	
4808580	4808581	IS_AST_PARENT	
4808558	4808580	IS_AST_PARENT	
4808555	4808558	IS_AST_PARENT	
4808554	4808555	IS_AST_PARENT	
4808551	4808554	IS_AST_PARENT	
4808551	4808582	IS_AST_PARENT	
4808583	4808584	IS_AST_PARENT	
4808551	4808583	IS_AST_PARENT	
4808587	4808588	IS_AST_PARENT	
4808586	4808587	IS_AST_PARENT	
4808592	4808593	IS_AST_PARENT	
4808591	4808592	IS_AST_PARENT	
4808596	4808597	IS_AST_PARENT	
4808596	4808598	IS_AST_PARENT	
4808595	4808596	IS_AST_PARENT	
4808594	4808595	IS_AST_PARENT	
4808591	4808594	IS_AST_PARENT	
4808590	4808591	IS_AST_PARENT	
4808589	4808590	IS_AST_PARENT	
4808600	4808601	IS_AST_PARENT	
4808602	4808603	IS_AST_PARENT	
4808602	4808604	IS_AST_PARENT	
4808600	4808602	IS_AST_PARENT	
4808599	4808600	IS_AST_PARENT	
4808589	4808599	IS_AST_PARENT	
4808607	4808608	IS_AST_PARENT	
4808607	4808609	IS_AST_PARENT	
4808606	4808607	IS_AST_PARENT	
4808606	4808610	IS_AST_PARENT	
4808605	4808606	IS_AST_PARENT	
4808589	4808605	IS_AST_PARENT	
4808611	4808612	IS_AST_PARENT	
4808589	4808611	IS_AST_PARENT	
4808586	4808589	IS_AST_PARENT	
4808585	4808586	IS_AST_PARENT	
4808551	4808585	IS_AST_PARENT	
4808551	4808613	IS_AST_PARENT	
4808614	4808615	IS_AST_PARENT	
4808551	4808614	IS_AST_PARENT	
4808551	4808616	IS_AST_PARENT	
4808548	4808551	IS_AST_PARENT	
4808517	4808548	IS_AST_PARENT	
4808619	4808620	IS_AST_PARENT	
4808618	4808619	IS_AST_PARENT	
4808622	4808623	IS_AST_PARENT	
4808621	4808622	IS_AST_PARENT	
4808624	4808625	IS_AST_PARENT	
4808621	4808624	IS_AST_PARENT	
4808618	4808621	IS_AST_PARENT	
4808617	4808618	IS_AST_PARENT	
4808517	4808617	IS_AST_PARENT	
4808516	4808517	IS_AST_PARENT	
4808516	4808626	IS_AST_PARENT	
4808516	4808627	IS_AST_PARENT	
4808629	4808630	IS_AST_PARENT	
4808629	4808631	IS_AST_PARENT	
4808628	4808629	IS_AST_PARENT	
4808632	4808633	IS_AST_PARENT	
4808632	4808634	IS_AST_PARENT	
4808628	4808632	IS_AST_PARENT	
4808516	4808628	IS_AST_PARENT	
4808635	4808629	FLOWS_TO	
4808629	4808632	FLOWS_TO	
4808632	4808518	FLOWS_TO	
4808518	4808530	FLOWS_TO	
4808530	4808536	FLOWS_TO	
4808536	4808542	FLOWS_TO	
4808542	4808549	FLOWS_TO	
4808549	4808552	FLOWS_TO	
4808549	4808614	FLOWS_TO	
4808549	4808583	FLOWS_TO	
4808552	4808554	FLOWS_TO	
4808554	4808582	FLOWS_TO	
4808582	4808617	FLOWS_TO	
4808583	4808585	FLOWS_TO	
4808585	4808613	FLOWS_TO	
4808613	4808617	FLOWS_TO	
4808614	4808616	FLOWS_TO	
4808616	4808617	FLOWS_TO	
4808617	4808636	FLOWS_TO	
4808632	4808637	DEF	
4808542	4808637	USE	
4808543	4808637	USE	
4808549	4808637	USE	
4808554	4808638	USE	
4808568	4808638	USE	
4808585	4808638	USE	
4808599	4808638	USE	
4808518	4808639	DEF	
4808519	4808639	DEF	
4808530	4808640	DEF	
4808531	4808640	DEF	
4808542	4808641	DEF	
4808543	4808641	DEF	
4808617	4808642	USE	
4808624	4808642	USE	
4808554	4808643	USE	
4808559	4808643	USE	
4808585	4808643	USE	
4808590	4808643	USE	
4808554	4808644	USE	
4808564	4808644	USE	
4808585	4808644	USE	
4808595	4808644	USE	
4808554	4808645	USE	
4808580	4808645	USE	
4808629	4808646	DEF	
4808518	4808646	USE	
4808520	4808646	USE	
4808530	4808646	USE	
4808532	4808646	USE	
4808536	4808646	USE	
4808538	4808646	USE	
4808542	4808646	USE	
4808544	4808646	USE	
4808554	4808646	USE	
4808576	4808646	USE	
4808565	4808646	USE	
4808571	4808646	USE	
4808568	4808646	USE	
4808585	4808646	USE	
4808599	4808646	USE	
4808607	4808646	USE	
4808596	4808646	USE	
4808602	4808646	USE	
4808617	4808646	USE	
4808622	4808646	USE	
4808518	4808647	USE	
4808519	4808647	USE	
4808554	4808648	USE	
4808574	4808648	USE	
4808585	4808648	USE	
4808605	4808648	USE	
4808518	4808649	USE	
4808519	4808649	USE	
4808536	4808650	DEF	
4808537	4808650	DEF	
4808518	4808651	USE	
4808519	4808651	USE	
4808518	4808652	DEF	
4808519	4808652	DEF	
4808530	4808652	DEF	
4808531	4808652	DEF	
4808536	4808652	DEF	
4808537	4808652	DEF	
4808542	4808652	DEF	
4808543	4808652	DEF	
4808554	4808652	USE	
4808564	4808652	USE	
4808574	4808652	USE	
4808585	4808652	USE	
4808605	4808652	USE	
4808595	4808652	USE	
4808518	4808653	USE	
4808519	4808653	USE	
4808554	4808654	USE	
4808574	4808654	USE	
4808585	4808654	USE	
4808605	4808654	USE	
4808585	4808655	USE	
4808611	4808655	USE	
4808632	4808542	REACHES	dma_cmd
4808632	4808549	REACHES	dma_cmd
4808629	4808518	REACHES	s
4808629	4808530	REACHES	s
4808629	4808536	REACHES	s
4808629	4808542	REACHES	s
4808629	4808554	REACHES	s
4808629	4808585	REACHES	s
4808629	4808617	REACHES	s
4808542	4808636	REACHES	* s
4808542	4808554	REACHES	* s
4808542	4808585	REACHES	* s
4808635	4808629	CONTROLS	
4808635	4808632	CONTROLS	
4808635	4808518	CONTROLS	
4808635	4808530	CONTROLS	
4808635	4808536	CONTROLS	
4808635	4808542	CONTROLS	
4808635	4808549	CONTROLS	
4808635	4808617	CONTROLS	
4808549	4808552	CONTROLS	
4808549	4808554	CONTROLS	
4808549	4808582	CONTROLS	
4808549	4808614	CONTROLS	
4808549	4808616	CONTROLS	
4808549	4808583	CONTROLS	
4808549	4808585	CONTROLS	
4808549	4808613	CONTROLS	
4808635	4808635	DOM	
4808549	4808552	DOM	
4808518	4808530	DOM	
4808614	4808616	DOM	
4808583	4808585	DOM	
4808549	4808583	DOM	
4808552	4808554	DOM	
4808632	4808518	DOM	
4808629	4808632	DOM	
4808530	4808536	DOM	
4808585	4808613	DOM	
4808617	4808636	DOM	
4808549	4808617	DOM	
4808549	4808614	DOM	
4808536	4808542	DOM	
4808554	4808582	DOM	
4808635	4808629	DOM	
4808542	4808549	DOM	
4808629	4808635	POST_DOM	
4808554	4808552	POST_DOM	
4808536	4808530	POST_DOM	
4808613	4808585	POST_DOM	
4808617	4808616	POST_DOM	
4808585	4808583	POST_DOM	
4808582	4808554	POST_DOM	
4808530	4808518	POST_DOM	
4808518	4808632	POST_DOM	
4808542	4808536	POST_DOM	
4808617	4808613	POST_DOM	
4808636	4808636	POST_DOM	
4808636	4808617	POST_DOM	
4808616	4808614	POST_DOM	
4808549	4808542	POST_DOM	
4808617	4808582	POST_DOM	
4808617	4808549	POST_DOM	
4808632	4808629	POST_DOM	
4808515	4808516	IS_FUNCTION_OF_AST	
4808515	4808635	IS_FUNCTION_OF_CFG	
4808514	4808515	IS_FILE_OF	
