start	end	type	var
697686	697687	IS_AST_PARENT	
697686	697688	IS_AST_PARENT	
697686	697689	IS_AST_PARENT	
697685	697686	IS_AST_PARENT	
697684	697685	IS_AST_PARENT	
697684	697690	IS_AST_PARENT	
697684	697691	IS_AST_PARENT	
697684	697692	IS_AST_PARENT	
697684	697693	IS_AST_PARENT	
697684	697694	IS_AST_PARENT	
697684	697695	IS_AST_PARENT	
697684	697696	IS_AST_PARENT	
697684	697697	IS_AST_PARENT	
697684	697698	IS_AST_PARENT	
697684	697699	IS_AST_PARENT	
697684	697700	IS_AST_PARENT	
697684	697701	IS_AST_PARENT	
697684	697702	IS_AST_PARENT	
697684	697703	IS_AST_PARENT	
697684	697704	IS_AST_PARENT	
697684	697705	IS_AST_PARENT	
697684	697706	IS_AST_PARENT	
697684	697707	IS_AST_PARENT	
697684	697708	IS_AST_PARENT	
697684	697709	IS_AST_PARENT	
697684	697710	IS_AST_PARENT	
697684	697711	IS_AST_PARENT	
697684	697712	IS_AST_PARENT	
697684	697713	IS_AST_PARENT	
697684	697714	IS_AST_PARENT	
697684	697715	IS_AST_PARENT	
697684	697716	IS_AST_PARENT	
697684	697717	IS_AST_PARENT	
697684	697718	IS_AST_PARENT	
697684	697719	IS_AST_PARENT	
697684	697720	IS_AST_PARENT	
697684	697721	IS_AST_PARENT	
697684	697722	IS_AST_PARENT	
697684	697723	IS_AST_PARENT	
697684	697724	IS_AST_PARENT	
697684	697725	IS_AST_PARENT	
697684	697726	IS_AST_PARENT	
697684	697727	IS_AST_PARENT	
697730	697731	IS_AST_PARENT	
697729	697730	IS_AST_PARENT	
697733	697734	IS_AST_PARENT	
697732	697733	IS_AST_PARENT	
697735	697736	IS_AST_PARENT	
697732	697735	IS_AST_PARENT	
697737	697738	IS_AST_PARENT	
697732	697737	IS_AST_PARENT	
697739	697740	IS_AST_PARENT	
697732	697739	IS_AST_PARENT	
697729	697732	IS_AST_PARENT	
697728	697729	IS_AST_PARENT	
697684	697728	IS_AST_PARENT	
697683	697684	IS_AST_PARENT	
697683	697741	IS_AST_PARENT	
697683	697742	IS_AST_PARENT	
697744	697745	IS_AST_PARENT	
697744	697746	IS_AST_PARENT	
697743	697744	IS_AST_PARENT	
697747	697748	IS_AST_PARENT	
697747	697749	IS_AST_PARENT	
697743	697747	IS_AST_PARENT	
697750	697751	IS_AST_PARENT	
697750	697752	IS_AST_PARENT	
697743	697750	IS_AST_PARENT	
697753	697754	IS_AST_PARENT	
697753	697755	IS_AST_PARENT	
697743	697753	IS_AST_PARENT	
697756	697757	IS_AST_PARENT	
697756	697758	IS_AST_PARENT	
697743	697756	IS_AST_PARENT	
697683	697743	IS_AST_PARENT	
697759	697744	FLOWS_TO	
697744	697747	FLOWS_TO	
697747	697750	FLOWS_TO	
697750	697753	FLOWS_TO	
697753	697756	FLOWS_TO	
697756	697685	FLOWS_TO	
697685	697690	FLOWS_TO	
697690	697691	FLOWS_TO	
697691	697692	FLOWS_TO	
697692	697693	FLOWS_TO	
697693	697694	FLOWS_TO	
697694	697695	FLOWS_TO	
697695	697696	FLOWS_TO	
697696	697697	FLOWS_TO	
697697	697698	FLOWS_TO	
697698	697699	FLOWS_TO	
697699	697700	FLOWS_TO	
697700	697701	FLOWS_TO	
697701	697702	FLOWS_TO	
697702	697703	FLOWS_TO	
697703	697704	FLOWS_TO	
697704	697705	FLOWS_TO	
697705	697706	FLOWS_TO	
697706	697707	FLOWS_TO	
697707	697708	FLOWS_TO	
697708	697709	FLOWS_TO	
697709	697710	FLOWS_TO	
697710	697711	FLOWS_TO	
697711	697712	FLOWS_TO	
697712	697713	FLOWS_TO	
697713	697714	FLOWS_TO	
697714	697715	FLOWS_TO	
697715	697716	FLOWS_TO	
697716	697717	FLOWS_TO	
697717	697718	FLOWS_TO	
697718	697719	FLOWS_TO	
697719	697720	FLOWS_TO	
697720	697721	FLOWS_TO	
697721	697722	FLOWS_TO	
697722	697723	FLOWS_TO	
697723	697724	FLOWS_TO	
697724	697725	FLOWS_TO	
697725	697726	FLOWS_TO	
697726	697727	FLOWS_TO	
697727	697728	FLOWS_TO	
697728	697760	FLOWS_TO	
697685	697761	DEF	
697686	697761	DEF	
697728	697761	USE	
697737	697761	USE	
697756	697762	DEF	
697728	697762	USE	
697739	697762	USE	
697728	697763	USE	
697753	697764	DEF	
697744	697765	DEF	
697728	697765	USE	
697733	697765	USE	
697750	697766	DEF	
697747	697767	DEF	
697728	697767	USE	
697735	697767	USE	
697685	697728	REACHES	valuestr
697756	697728	REACHES	flags
697744	697728	REACHES	pm
697747	697728	REACHES	key
697759	697744	CONTROLS	
697759	697747	CONTROLS	
697759	697750	CONTROLS	
697759	697753	CONTROLS	
697759	697756	CONTROLS	
697759	697685	CONTROLS	
697759	697690	CONTROLS	
697759	697691	CONTROLS	
697759	697692	CONTROLS	
697759	697693	CONTROLS	
697759	697694	CONTROLS	
697759	697695	CONTROLS	
697759	697696	CONTROLS	
697759	697697	CONTROLS	
697759	697698	CONTROLS	
697759	697699	CONTROLS	
697759	697700	CONTROLS	
697759	697701	CONTROLS	
697759	697702	CONTROLS	
697759	697703	CONTROLS	
697759	697704	CONTROLS	
697759	697705	CONTROLS	
697759	697706	CONTROLS	
697759	697707	CONTROLS	
697759	697708	CONTROLS	
697759	697709	CONTROLS	
697759	697710	CONTROLS	
697759	697711	CONTROLS	
697759	697712	CONTROLS	
697759	697713	CONTROLS	
697759	697714	CONTROLS	
697759	697715	CONTROLS	
697759	697716	CONTROLS	
697759	697717	CONTROLS	
697759	697718	CONTROLS	
697759	697719	CONTROLS	
697759	697720	CONTROLS	
697759	697721	CONTROLS	
697759	697722	CONTROLS	
697759	697723	CONTROLS	
697759	697724	CONTROLS	
697759	697725	CONTROLS	
697759	697726	CONTROLS	
697759	697727	CONTROLS	
697759	697728	CONTROLS	
697704	697705	DOM	
697720	697721	DOM	
697702	697703	DOM	
697691	697692	DOM	
697700	697701	DOM	
697716	697717	DOM	
697710	697711	DOM	
697750	697753	DOM	
697698	697699	DOM	
697706	697707	DOM	
697703	697704	DOM	
697708	697709	DOM	
697695	697696	DOM	
697696	697697	DOM	
697722	697723	DOM	
697715	697716	DOM	
697693	697694	DOM	
697719	697720	DOM	
697725	697726	DOM	
697756	697685	DOM	
697724	697725	DOM	
697759	697759	DOM	
697707	697708	DOM	
697713	697714	DOM	
697753	697756	DOM	
697747	697750	DOM	
697714	697715	DOM	
697727	697728	DOM	
697759	697744	DOM	
697690	697691	DOM	
697717	697718	DOM	
697685	697690	DOM	
697726	697727	DOM	
697711	697712	DOM	
697721	697722	DOM	
697744	697747	DOM	
697705	697706	DOM	
697692	697693	DOM	
697697	697698	DOM	
697709	697710	DOM	
697694	697695	DOM	
697699	697700	DOM	
697723	697724	DOM	
697728	697760	DOM	
697712	697713	DOM	
697701	697702	DOM	
697718	697719	DOM	
697722	697721	POST_DOM	
697706	697705	POST_DOM	
697704	697703	POST_DOM	
697693	697692	POST_DOM	
697702	697701	POST_DOM	
697718	697717	POST_DOM	
697712	697711	POST_DOM	
697708	697707	POST_DOM	
697700	697699	POST_DOM	
697756	697753	POST_DOM	
697705	697704	POST_DOM	
697710	697709	POST_DOM	
697698	697697	POST_DOM	
697697	697696	POST_DOM	
697724	697723	POST_DOM	
697717	697716	POST_DOM	
697727	697726	POST_DOM	
697721	697720	POST_DOM	
697695	697694	POST_DOM	
697726	697725	POST_DOM	
697690	697685	POST_DOM	
697744	697759	POST_DOM	
697709	697708	POST_DOM	
697715	697714	POST_DOM	
697685	697756	POST_DOM	
697760	697728	POST_DOM	
697716	697715	POST_DOM	
697753	697750	POST_DOM	
697719	697718	POST_DOM	
697692	697691	POST_DOM	
697747	697744	POST_DOM	
697691	697690	POST_DOM	
697728	697727	POST_DOM	
697713	697712	POST_DOM	
697723	697722	POST_DOM	
697750	697747	POST_DOM	
697707	697706	POST_DOM	
697699	697698	POST_DOM	
697694	697693	POST_DOM	
697711	697710	POST_DOM	
697696	697695	POST_DOM	
697760	697760	POST_DOM	
697725	697724	POST_DOM	
697701	697700	POST_DOM	
697714	697713	POST_DOM	
697720	697719	POST_DOM	
697703	697702	POST_DOM	
697682	697683	IS_FUNCTION_OF_AST	
697682	697759	IS_FUNCTION_OF_CFG	
697681	697682	IS_FILE_OF	
