start	end	type	var
7290328	7290329	IS_AST_PARENT	
7290331	7290332	IS_AST_PARENT	
7290330	7290331	IS_AST_PARENT	
7290335	7290336	IS_AST_PARENT	
7290335	7290337	IS_AST_PARENT	
7290334	7290335	IS_AST_PARENT	
7290333	7290334	IS_AST_PARENT	
7290338	7290339	IS_AST_PARENT	
7290333	7290338	IS_AST_PARENT	
7290330	7290333	IS_AST_PARENT	
7290328	7290330	IS_AST_PARENT	
7290327	7290328	IS_AST_PARENT	
7290342	7290343	IS_AST_PARENT	
7290341	7290342	IS_AST_PARENT	
7290347	7290348	IS_AST_PARENT	
7290347	7290349	IS_AST_PARENT	
7290346	7290347	IS_AST_PARENT	
7290346	7290350	IS_AST_PARENT	
7290345	7290346	IS_AST_PARENT	
7290344	7290345	IS_AST_PARENT	
7290341	7290344	IS_AST_PARENT	
7290340	7290341	IS_AST_PARENT	
7290340	7290351	IS_AST_PARENT	
7290327	7290340	IS_AST_PARENT	
7290326	7290327	IS_AST_PARENT	
7290325	7290326	IS_AST_PARENT	
7290354	7290355	IS_AST_PARENT	
7290354	7290356	IS_AST_PARENT	
7290354	7290357	IS_AST_PARENT	
7290353	7290354	IS_AST_PARENT	
7290352	7290353	IS_AST_PARENT	
7290359	7290360	IS_AST_PARENT	
7290359	7290361	IS_AST_PARENT	
7290362	7290363	IS_AST_PARENT	
7290364	7290365	IS_AST_PARENT	
7290364	7290366	IS_AST_PARENT	
7290362	7290364	IS_AST_PARENT	
7290359	7290362	IS_AST_PARENT	
7290358	7290359	IS_AST_PARENT	
7290367	7290368	IS_AST_PARENT	
7290367	7290369	IS_AST_PARENT	
7290358	7290367	IS_AST_PARENT	
7290352	7290358	IS_AST_PARENT	
7290371	7290372	IS_AST_PARENT	
7290371	7290373	IS_AST_PARENT	
7290374	7290375	IS_AST_PARENT	
7290376	7290377	IS_AST_PARENT	
7290376	7290378	IS_AST_PARENT	
7290374	7290376	IS_AST_PARENT	
7290371	7290374	IS_AST_PARENT	
7290370	7290371	IS_AST_PARENT	
7290352	7290370	IS_AST_PARENT	
7290380	7290381	IS_AST_PARENT	
7290380	7290382	IS_AST_PARENT	
7290379	7290380	IS_AST_PARENT	
7290352	7290379	IS_AST_PARENT	
7290384	7290385	IS_AST_PARENT	
7290384	7290386	IS_AST_PARENT	
7290383	7290384	IS_AST_PARENT	
7290352	7290383	IS_AST_PARENT	
7290388	7290389	IS_AST_PARENT	
7290388	7290390	IS_AST_PARENT	
7290391	7290392	IS_AST_PARENT	
7290394	7290395	IS_AST_PARENT	
7290393	7290394	IS_AST_PARENT	
7290399	7290400	IS_AST_PARENT	
7290399	7290401	IS_AST_PARENT	
7290398	7290399	IS_AST_PARENT	
7290398	7290402	IS_AST_PARENT	
7290397	7290398	IS_AST_PARENT	
7290396	7290397	IS_AST_PARENT	
7290405	7290406	IS_AST_PARENT	
7290405	7290407	IS_AST_PARENT	
7290404	7290405	IS_AST_PARENT	
7290404	7290408	IS_AST_PARENT	
7290403	7290404	IS_AST_PARENT	
7290396	7290403	IS_AST_PARENT	
7290409	7290410	IS_AST_PARENT	
7290396	7290409	IS_AST_PARENT	
7290411	7290412	IS_AST_PARENT	
7290396	7290411	IS_AST_PARENT	
7290413	7290414	IS_AST_PARENT	
7290396	7290413	IS_AST_PARENT	
7290415	7290416	IS_AST_PARENT	
7290396	7290415	IS_AST_PARENT	
7290417	7290418	IS_AST_PARENT	
7290396	7290417	IS_AST_PARENT	
7290393	7290396	IS_AST_PARENT	
7290391	7290393	IS_AST_PARENT	
7290388	7290391	IS_AST_PARENT	
7290387	7290388	IS_AST_PARENT	
7290352	7290387	IS_AST_PARENT	
7290420	7290421	IS_AST_PARENT	
7290420	7290422	IS_AST_PARENT	
7290419	7290420	IS_AST_PARENT	
7290352	7290419	IS_AST_PARENT	
7290424	7290425	IS_AST_PARENT	
7290424	7290426	IS_AST_PARENT	
7290427	7290428	IS_AST_PARENT	
7290430	7290431	IS_AST_PARENT	
7290429	7290430	IS_AST_PARENT	
7290433	7290434	IS_AST_PARENT	
7290432	7290433	IS_AST_PARENT	
7290429	7290432	IS_AST_PARENT	
7290427	7290429	IS_AST_PARENT	
7290424	7290427	IS_AST_PARENT	
7290423	7290424	IS_AST_PARENT	
7290352	7290423	IS_AST_PARENT	
7290437	7290438	IS_AST_PARENT	
7290440	7290441	IS_AST_PARENT	
7290440	7290442	IS_AST_PARENT	
7290439	7290440	IS_AST_PARENT	
7290443	7290444	IS_AST_PARENT	
7290443	7290445	IS_AST_PARENT	
7290439	7290443	IS_AST_PARENT	
7290437	7290439	IS_AST_PARENT	
7290436	7290437	IS_AST_PARENT	
7290435	7290436	IS_AST_PARENT	
7290446	7290447	IS_AST_PARENT	
7290435	7290446	IS_AST_PARENT	
7290352	7290435	IS_AST_PARENT	
7290449	7290450	IS_AST_PARENT	
7290452	7290453	IS_AST_PARENT	
7290451	7290452	IS_AST_PARENT	
7290455	7290456	IS_AST_PARENT	
7290454	7290455	IS_AST_PARENT	
7290457	7290458	IS_AST_PARENT	
7290454	7290457	IS_AST_PARENT	
7290459	7290460	IS_AST_PARENT	
7290454	7290459	IS_AST_PARENT	
7290462	7290463	IS_AST_PARENT	
7290462	7290464	IS_AST_PARENT	
7290461	7290462	IS_AST_PARENT	
7290454	7290461	IS_AST_PARENT	
7290451	7290454	IS_AST_PARENT	
7290449	7290451	IS_AST_PARENT	
7290448	7290449	IS_AST_PARENT	
7290352	7290448	IS_AST_PARENT	
7290467	7290468	IS_AST_PARENT	
7290466	7290467	IS_AST_PARENT	
7290470	7290471	IS_AST_PARENT	
7290469	7290470	IS_AST_PARENT	
7290473	7290474	IS_AST_PARENT	
7290473	7290475	IS_AST_PARENT	
7290472	7290473	IS_AST_PARENT	
7290469	7290472	IS_AST_PARENT	
7290466	7290469	IS_AST_PARENT	
7290465	7290466	IS_AST_PARENT	
7290352	7290465	IS_AST_PARENT	
7290478	7290479	IS_AST_PARENT	
7290478	7290480	IS_AST_PARENT	
7290477	7290478	IS_AST_PARENT	
7290476	7290477	IS_AST_PARENT	
7290483	7290484	IS_AST_PARENT	
7290482	7290483	IS_AST_PARENT	
7290487	7290488	IS_AST_PARENT	
7290489	7290490	IS_AST_PARENT	
7290489	7290491	IS_AST_PARENT	
7290487	7290489	IS_AST_PARENT	
7290486	7290487	IS_AST_PARENT	
7290485	7290486	IS_AST_PARENT	
7290492	7290493	IS_AST_PARENT	
7290485	7290492	IS_AST_PARENT	
7290494	7290495	IS_AST_PARENT	
7290485	7290494	IS_AST_PARENT	
7290496	7290497	IS_AST_PARENT	
7290485	7290496	IS_AST_PARENT	
7290482	7290485	IS_AST_PARENT	
7290481	7290482	IS_AST_PARENT	
7290476	7290481	IS_AST_PARENT	
7290352	7290476	IS_AST_PARENT	
7290500	7290501	IS_AST_PARENT	
7290499	7290500	IS_AST_PARENT	
7290503	7290504	IS_AST_PARENT	
7290502	7290503	IS_AST_PARENT	
7290499	7290502	IS_AST_PARENT	
7290498	7290499	IS_AST_PARENT	
7290352	7290498	IS_AST_PARENT	
7290507	7290508	IS_AST_PARENT	
7290506	7290507	IS_AST_PARENT	
7290510	7290511	IS_AST_PARENT	
7290509	7290510	IS_AST_PARENT	
7290506	7290509	IS_AST_PARENT	
7290505	7290506	IS_AST_PARENT	
7290352	7290505	IS_AST_PARENT	
7290352	7290512	IS_AST_PARENT	
7290352	7290513	IS_AST_PARENT	
7290352	7290514	IS_AST_PARENT	
7290352	7290515	IS_AST_PARENT	
7290352	7290516	IS_AST_PARENT	
7290517	7290518	IS_AST_PARENT	
7290517	7290519	IS_AST_PARENT	
7290517	7290520	IS_AST_PARENT	
7290517	7290521	IS_AST_PARENT	
7290517	7290522	IS_AST_PARENT	
7290517	7290523	IS_AST_PARENT	
7290517	7290524	IS_AST_PARENT	
7290517	7290525	IS_AST_PARENT	
7290517	7290526	IS_AST_PARENT	
7290517	7290527	IS_AST_PARENT	
7290517	7290528	IS_AST_PARENT	
7290517	7290529	IS_AST_PARENT	
7290517	7290530	IS_AST_PARENT	
7290517	7290531	IS_AST_PARENT	
7290517	7290532	IS_AST_PARENT	
7290517	7290533	IS_AST_PARENT	
7290517	7290534	IS_AST_PARENT	
7290352	7290517	IS_AST_PARENT	
7290352	7290535	IS_AST_PARENT	
7290538	7290539	IS_AST_PARENT	
7290540	7290541	IS_AST_PARENT	
7290543	7290544	IS_AST_PARENT	
7290542	7290543	IS_AST_PARENT	
7290547	7290548	IS_AST_PARENT	
7290547	7290549	IS_AST_PARENT	
7290546	7290547	IS_AST_PARENT	
7290545	7290546	IS_AST_PARENT	
7290550	7290551	IS_AST_PARENT	
7290545	7290550	IS_AST_PARENT	
7290553	7290554	IS_AST_PARENT	
7290553	7290555	IS_AST_PARENT	
7290552	7290553	IS_AST_PARENT	
7290545	7290552	IS_AST_PARENT	
7290542	7290545	IS_AST_PARENT	
7290540	7290542	IS_AST_PARENT	
7290538	7290540	IS_AST_PARENT	
7290537	7290538	IS_AST_PARENT	
7290536	7290537	IS_AST_PARENT	
7290556	7290557	IS_AST_PARENT	
7290536	7290556	IS_AST_PARENT	
7290352	7290536	IS_AST_PARENT	
7290560	7290561	IS_AST_PARENT	
7290563	7290564	IS_AST_PARENT	
7290563	7290565	IS_AST_PARENT	
7290562	7290563	IS_AST_PARENT	
7290567	7290568	IS_AST_PARENT	
7290566	7290567	IS_AST_PARENT	
7290566	7290569	IS_AST_PARENT	
7290562	7290566	IS_AST_PARENT	
7290560	7290562	IS_AST_PARENT	
7290559	7290560	IS_AST_PARENT	
7290558	7290559	IS_AST_PARENT	
7290570	7290571	IS_AST_PARENT	
7290558	7290570	IS_AST_PARENT	
7290352	7290558	IS_AST_PARENT	
7290575	7290576	IS_AST_PARENT	
7290575	7290577	IS_AST_PARENT	
7290574	7290575	IS_AST_PARENT	
7290574	7290578	IS_AST_PARENT	
7290573	7290574	IS_AST_PARENT	
7290573	7290579	IS_AST_PARENT	
7290572	7290573	IS_AST_PARENT	
7290352	7290572	IS_AST_PARENT	
7290582	7290583	IS_AST_PARENT	
7290585	7290586	IS_AST_PARENT	
7290584	7290585	IS_AST_PARENT	
7290589	7290590	IS_AST_PARENT	
7290591	7290592	IS_AST_PARENT	
7290591	7290593	IS_AST_PARENT	
7290589	7290591	IS_AST_PARENT	
7290588	7290589	IS_AST_PARENT	
7290587	7290588	IS_AST_PARENT	
7290594	7290595	IS_AST_PARENT	
7290587	7290594	IS_AST_PARENT	
7290596	7290597	IS_AST_PARENT	
7290587	7290596	IS_AST_PARENT	
7290598	7290599	IS_AST_PARENT	
7290587	7290598	IS_AST_PARENT	
7290584	7290587	IS_AST_PARENT	
7290582	7290584	IS_AST_PARENT	
7290581	7290582	IS_AST_PARENT	
7290580	7290581	IS_AST_PARENT	
7290603	7290604	IS_AST_PARENT	
7290602	7290603	IS_AST_PARENT	
7290607	7290608	IS_AST_PARENT	
7290607	7290609	IS_AST_PARENT	
7290606	7290607	IS_AST_PARENT	
7290605	7290606	IS_AST_PARENT	
7290611	7290612	IS_AST_PARENT	
7290613	7290614	IS_AST_PARENT	
7290613	7290615	IS_AST_PARENT	
7290611	7290613	IS_AST_PARENT	
7290610	7290611	IS_AST_PARENT	
7290605	7290610	IS_AST_PARENT	
7290602	7290605	IS_AST_PARENT	
7290601	7290602	IS_AST_PARENT	
7290600	7290601	IS_AST_PARENT	
7290618	7290619	IS_AST_PARENT	
7290620	7290621	IS_AST_PARENT	
7290620	7290622	IS_AST_PARENT	
7290618	7290620	IS_AST_PARENT	
7290617	7290618	IS_AST_PARENT	
7290623	7290624	IS_AST_PARENT	
7290628	7290629	IS_AST_PARENT	
7290628	7290630	IS_AST_PARENT	
7290627	7290628	IS_AST_PARENT	
7290627	7290631	IS_AST_PARENT	
7290626	7290627	IS_AST_PARENT	
7290626	7290632	IS_AST_PARENT	
7290625	7290626	IS_AST_PARENT	
7290625	7290633	IS_AST_PARENT	
7290623	7290625	IS_AST_PARENT	
7290617	7290623	IS_AST_PARENT	
7290616	7290617	IS_AST_PARENT	
7290600	7290616	IS_AST_PARENT	
7290640	7290641	IS_AST_PARENT	
7290640	7290642	IS_AST_PARENT	
7290639	7290640	IS_AST_PARENT	
7290639	7290643	IS_AST_PARENT	
7290638	7290639	IS_AST_PARENT	
7290638	7290644	IS_AST_PARENT	
7290637	7290638	IS_AST_PARENT	
7290637	7290645	IS_AST_PARENT	
7290636	7290637	IS_AST_PARENT	
7290636	7290646	IS_AST_PARENT	
7290635	7290636	IS_AST_PARENT	
7290635	7290647	IS_AST_PARENT	
7290634	7290635	IS_AST_PARENT	
7290600	7290634	IS_AST_PARENT	
7290649	7290650	IS_AST_PARENT	
7290654	7290655	IS_AST_PARENT	
7290654	7290656	IS_AST_PARENT	
7290653	7290654	IS_AST_PARENT	
7290653	7290657	IS_AST_PARENT	
7290652	7290653	IS_AST_PARENT	
7290652	7290658	IS_AST_PARENT	
7290651	7290652	IS_AST_PARENT	
7290651	7290659	IS_AST_PARENT	
7290649	7290651	IS_AST_PARENT	
7290648	7290649	IS_AST_PARENT	
7290600	7290648	IS_AST_PARENT	
7290662	7290663	IS_AST_PARENT	
7290661	7290662	IS_AST_PARENT	
7290665	7290666	IS_AST_PARENT	
7290664	7290665	IS_AST_PARENT	
7290667	7290668	IS_AST_PARENT	
7290664	7290667	IS_AST_PARENT	
7290670	7290671	IS_AST_PARENT	
7290670	7290672	IS_AST_PARENT	
7290669	7290670	IS_AST_PARENT	
7290664	7290669	IS_AST_PARENT	
7290674	7290675	IS_AST_PARENT	
7290674	7290676	IS_AST_PARENT	
7290673	7290674	IS_AST_PARENT	
7290664	7290673	IS_AST_PARENT	
7290661	7290664	IS_AST_PARENT	
7290660	7290661	IS_AST_PARENT	
7290600	7290660	IS_AST_PARENT	
7290580	7290600	IS_AST_PARENT	
7290352	7290580	IS_AST_PARENT	
7290679	7290680	IS_AST_PARENT	
7290679	7290681	IS_AST_PARENT	
7290678	7290679	IS_AST_PARENT	
7290682	7290683	IS_AST_PARENT	
7290682	7290684	IS_AST_PARENT	
7290678	7290682	IS_AST_PARENT	
7290677	7290678	IS_AST_PARENT	
7290352	7290677	IS_AST_PARENT	
7290687	7290688	IS_AST_PARENT	
7290686	7290687	IS_AST_PARENT	
7290690	7290691	IS_AST_PARENT	
7290689	7290690	IS_AST_PARENT	
7290692	7290693	IS_AST_PARENT	
7290689	7290692	IS_AST_PARENT	
7290695	7290696	IS_AST_PARENT	
7290697	7290698	IS_AST_PARENT	
7290697	7290699	IS_AST_PARENT	
7290695	7290697	IS_AST_PARENT	
7290694	7290695	IS_AST_PARENT	
7290689	7290694	IS_AST_PARENT	
7290686	7290689	IS_AST_PARENT	
7290685	7290686	IS_AST_PARENT	
7290352	7290685	IS_AST_PARENT	
7290700	7290701	IS_AST_PARENT	
7290352	7290700	IS_AST_PARENT	
7290702	7290703	IS_AST_PARENT	
7290352	7290702	IS_AST_PARENT	
7290706	7290707	IS_AST_PARENT	
7290705	7290706	IS_AST_PARENT	
7290710	7290711	IS_AST_PARENT	
7290710	7290712	IS_AST_PARENT	
7290709	7290710	IS_AST_PARENT	
7290708	7290709	IS_AST_PARENT	
7290705	7290708	IS_AST_PARENT	
7290704	7290705	IS_AST_PARENT	
7290352	7290704	IS_AST_PARENT	
7290325	7290352	IS_AST_PARENT	
7290324	7290325	IS_AST_PARENT	
7290713	7290714	IS_AST_PARENT	
7290324	7290713	IS_AST_PARENT	
7290323	7290324	IS_AST_PARENT	
7290323	7290715	IS_AST_PARENT	
7290323	7290716	IS_AST_PARENT	
7290718	7290719	IS_AST_PARENT	
7290718	7290720	IS_AST_PARENT	
7290717	7290718	IS_AST_PARENT	
7290721	7290722	IS_AST_PARENT	
7290721	7290723	IS_AST_PARENT	
7290717	7290721	IS_AST_PARENT	
7290323	7290717	IS_AST_PARENT	
7290724	7290718	FLOWS_TO	
7290718	7290721	FLOWS_TO	
7290721	7290326	FLOWS_TO	
7290326	7290353	FLOWS_TO	
7290326	7290713	FLOWS_TO	
7290353	7290358	FLOWS_TO	
7290358	7290370	FLOWS_TO	
7290370	7290379	FLOWS_TO	
7290379	7290383	FLOWS_TO	
7290383	7290387	FLOWS_TO	
7290387	7290419	FLOWS_TO	
7290419	7290423	FLOWS_TO	
7290423	7290436	FLOWS_TO	
7290436	7290446	FLOWS_TO	
7290436	7290448	FLOWS_TO	
7290446	7290702	FLOWS_TO	
7290448	7290465	FLOWS_TO	
7290465	7290477	FLOWS_TO	
7290477	7290481	FLOWS_TO	
7290477	7290498	FLOWS_TO	
7290481	7290498	FLOWS_TO	
7290498	7290505	FLOWS_TO	
7290505	7290512	FLOWS_TO	
7290512	7290513	FLOWS_TO	
7290513	7290514	FLOWS_TO	
7290514	7290515	FLOWS_TO	
7290515	7290516	FLOWS_TO	
7290516	7290518	FLOWS_TO	
7290518	7290519	FLOWS_TO	
7290519	7290520	FLOWS_TO	
7290520	7290521	FLOWS_TO	
7290521	7290522	FLOWS_TO	
7290522	7290523	FLOWS_TO	
7290523	7290524	FLOWS_TO	
7290524	7290525	FLOWS_TO	
7290525	7290526	FLOWS_TO	
7290526	7290527	FLOWS_TO	
7290527	7290528	FLOWS_TO	
7290528	7290529	FLOWS_TO	
7290529	7290530	FLOWS_TO	
7290530	7290531	FLOWS_TO	
7290531	7290532	FLOWS_TO	
7290532	7290533	FLOWS_TO	
7290533	7290534	FLOWS_TO	
7290534	7290535	FLOWS_TO	
7290535	7290537	FLOWS_TO	
7290537	7290556	FLOWS_TO	
7290537	7290559	FLOWS_TO	
7290556	7290702	FLOWS_TO	
7290559	7290570	FLOWS_TO	
7290559	7290572	FLOWS_TO	
7290570	7290702	FLOWS_TO	
7290572	7290581	FLOWS_TO	
7290581	7290601	FLOWS_TO	
7290581	7290677	FLOWS_TO	
7290601	7290616	FLOWS_TO	
7290616	7290634	FLOWS_TO	
7290634	7290648	FLOWS_TO	
7290648	7290660	FLOWS_TO	
7290660	7290677	FLOWS_TO	
7290677	7290685	FLOWS_TO	
7290685	7290700	FLOWS_TO	
7290700	7290725	FLOWS_TO	
7290702	7290704	FLOWS_TO	
7290704	7290713	FLOWS_TO	
7290713	7290725	FLOWS_TO	
7290616	7290726	USE	
7290625	7290726	USE	
7290634	7290726	USE	
7290637	7290726	USE	
7290648	7290726	USE	
7290651	7290726	USE	
7290387	7290727	USE	
7290391	7290727	USE	
7290326	7290728	USE	
7290334	7290728	USE	
7290345	7290728	USE	
7290387	7290728	USE	
7290403	7290728	USE	
7290397	7290728	USE	
7290677	7290728	USE	
7290678	7290728	USE	
7290685	7290728	USE	
7290694	7290728	USE	
7290370	7290729	DEF	
7290371	7290729	DEF	
7290374	7290729	DEF	
7290559	7290729	USE	
7290563	7290729	USE	
7290572	7290729	USE	
7290575	7290729	USE	
7290581	7290729	USE	
7290588	7290729	USE	
7290591	7290729	USE	
7290601	7290729	USE	
7290607	7290729	USE	
7290613	7290729	USE	
7290610	7290729	USE	
7290616	7290729	USE	
7290628	7290729	USE	
7290634	7290729	USE	
7290640	7290729	USE	
7290648	7290729	USE	
7290654	7290729	USE	
7290677	7290729	USE	
7290679	7290729	USE	
7290370	7290730	USE	
7290374	7290730	USE	
7290616	7290730	USE	
7290618	7290730	USE	
7290581	7290731	USE	
7290588	7290731	USE	
7290616	7290732	DEF	
7290617	7290732	DEF	
7290358	7290733	DEF	
7290362	7290733	DEF	
7290359	7290733	DEF	
7290436	7290734	USE	
7290634	7290735	DEF	
7290635	7290735	DEF	
7290379	7290736	DEF	
7290380	7290736	DEF	
7290537	7290736	DEF	
7290540	7290736	DEF	
7290581	7290736	USE	
7290596	7290736	USE	
7290616	7290737	USE	
7290623	7290737	USE	
7290634	7290737	USE	
7290636	7290737	USE	
7290648	7290737	USE	
7290649	7290737	USE	
7290326	7290738	USE	
7290358	7290739	DEF	
7290367	7290739	DEF	
7290448	7290739	DEF	
7290449	7290739	DEF	
7290465	7290739	USE	
7290472	7290739	USE	
7290677	7290740	DEF	
7290678	7290740	DEF	
7290387	7290741	USE	
7290417	7290741	USE	
7290415	7290741	USE	
7290411	7290741	USE	
7290413	7290741	USE	
7290581	7290741	USE	
7290598	7290741	USE	
7290634	7290741	USE	
7290635	7290741	USE	
7290383	7290742	DEF	
7290384	7290742	DEF	
7290648	7290742	DEF	
7290649	7290742	DEF	
7290660	7290742	USE	
7290674	7290742	USE	
7290670	7290742	USE	
7290673	7290742	USE	
7290669	7290742	USE	
7290537	7290743	USE	
7290540	7290743	USE	
7290616	7290744	USE	
7290617	7290744	USE	
7290634	7290744	DEF	
7290635	7290744	DEF	
7290481	7290745	USE	
7290486	7290745	USE	
7290436	7290746	USE	
7290616	7290747	USE	
7290617	7290747	USE	
7290634	7290747	DEF	
7290635	7290747	DEF	
7290423	7290748	USE	
7290427	7290748	USE	
7290704	7290749	USE	
7290709	7290749	USE	
7290436	7290750	USE	
7290326	7290751	USE	
7290353	7290752	DEF	
7290354	7290752	DEF	
7290448	7290752	USE	
7290459	7290752	USE	
7290477	7290752	USE	
7290478	7290752	USE	
7290481	7290752	USE	
7290494	7290752	USE	
7290537	7290753	USE	
7290546	7290753	USE	
7290616	7290754	USE	
7290623	7290754	USE	
7290634	7290754	USE	
7290636	7290754	USE	
7290616	7290755	USE	
7290625	7290755	USE	
7290634	7290755	USE	
7290637	7290755	USE	
7290648	7290755	USE	
7290651	7290755	USE	
7290648	7290756	USE	
7290649	7290756	USE	
7290370	7290757	USE	
7290374	7290757	USE	
7290581	7290758	USE	
7290423	7290759	DEF	
7290427	7290759	DEF	
7290424	7290759	DEF	
7290436	7290759	USE	
7290448	7290759	USE	
7290457	7290759	USE	
7290465	7290759	USE	
7290472	7290759	USE	
7290616	7290760	DEF	
7290617	7290760	DEF	
7290572	7290761	DEF	
7290573	7290761	DEF	
7290616	7290761	USE	
7290626	7290761	USE	
7290634	7290761	USE	
7290638	7290761	USE	
7290648	7290761	USE	
7290652	7290761	USE	
7290572	7290762	DEF	
7290573	7290762	DEF	
7290537	7290763	USE	
7290552	7290763	USE	
7290559	7290764	DEF	
7290562	7290764	DEF	
7290572	7290764	USE	
7290574	7290764	USE	
7290601	7290764	USE	
7290606	7290764	USE	
7290616	7290764	USE	
7290627	7290764	USE	
7290634	7290764	USE	
7290639	7290764	USE	
7290648	7290764	USE	
7290653	7290764	USE	
7290677	7290764	DEF	
7290678	7290764	DEF	
7290559	7290765	DEF	
7290562	7290765	DEF	
7290572	7290765	USE	
7290574	7290765	USE	
7290601	7290765	USE	
7290606	7290765	USE	
7290616	7290765	USE	
7290627	7290765	USE	
7290634	7290765	USE	
7290639	7290765	USE	
7290648	7290765	USE	
7290653	7290765	USE	
7290572	7290766	DEF	
7290573	7290766	DEF	
7290616	7290766	USE	
7290626	7290766	USE	
7290634	7290766	USE	
7290638	7290766	USE	
7290648	7290766	USE	
7290652	7290766	USE	
7290601	7290767	USE	
7290610	7290767	USE	
7290721	7290768	DEF	
7290326	7290768	USE	
7290335	7290768	USE	
7290347	7290768	USE	
7290387	7290768	USE	
7290399	7290768	USE	
7290405	7290768	USE	
7290677	7290768	USE	
7290682	7290768	USE	
7290685	7290768	USE	
7290697	7290768	USE	
7290690	7290768	USE	
7290477	7290769	USE	
7290616	7290770	USE	
7290625	7290770	USE	
7290634	7290770	USE	
7290637	7290770	USE	
7290648	7290770	USE	
7290651	7290770	USE	
7290616	7290771	USE	
7290626	7290771	USE	
7290634	7290771	USE	
7290638	7290771	USE	
7290648	7290771	USE	
7290652	7290771	USE	
7290358	7290772	USE	
7290362	7290772	USE	
7290616	7290773	USE	
7290617	7290773	USE	
7290634	7290773	DEF	
7290635	7290773	DEF	
7290718	7290774	DEF	
7290370	7290774	USE	
7290376	7290774	USE	
7290481	7290774	USE	
7290486	7290774	USE	
7290489	7290774	USE	
7290616	7290774	USE	
7290620	7290774	USE	
7290660	7290774	USE	
7290665	7290774	USE	
7290660	7290775	USE	
7290673	7290775	USE	
7290448	7290776	USE	
7290449	7290776	USE	
7290559	7290777	USE	
7290562	7290777	USE	
7290660	7290778	USE	
7290669	7290778	USE	
7290616	7290779	USE	
7290623	7290779	USE	
7290634	7290779	USE	
7290636	7290779	USE	
7290648	7290779	USE	
7290649	7290779	USE	
7290616	7290780	USE	
7290618	7290780	USE	
7290326	7290781	USE	
7290345	7290781	USE	
7290334	7290781	USE	
7290387	7290781	USE	
7290397	7290781	USE	
7290677	7290781	USE	
7290678	7290781	USE	
7290387	7290782	USE	
7290403	7290782	USE	
7290387	7290783	DEF	
7290388	7290783	DEF	
7290391	7290783	DEF	
7290423	7290783	USE	
7290433	7290783	USE	
7290436	7290783	USE	
7290440	7290783	USE	
7290443	7290783	USE	
7290448	7290783	USE	
7290455	7290783	USE	
7290465	7290783	USE	
7290470	7290783	USE	
7290498	7290783	USE	
7290503	7290783	USE	
7290505	7290783	USE	
7290510	7290783	USE	
7290572	7290783	USE	
7290573	7290783	USE	
7290419	7290784	DEF	
7290420	7290784	DEF	
7290616	7290785	USE	
7290617	7290785	USE	
7290634	7290785	DEF	
7290635	7290785	DEF	
7290616	7290786	USE	
7290623	7290786	USE	
7290634	7290786	USE	
7290636	7290786	USE	
7290648	7290786	USE	
7290649	7290786	USE	
7290370	7290559	REACHES	ast
7290370	7290572	REACHES	ast
7290370	7290581	REACHES	ast
7290370	7290601	REACHES	ast
7290370	7290616	REACHES	ast
7290370	7290634	REACHES	ast
7290370	7290648	REACHES	ast
7290370	7290677	REACHES	ast
7290423	7290436	REACHES	desc_len
7290423	7290448	REACHES	desc_len
7290423	7290465	REACHES	desc_len
7290572	7290616	REACHES	* ast -> sub_ctx
7290572	7290634	REACHES	* ast -> sub_ctx
7290572	7290648	REACHES	* ast -> sub_ctx
7290559	7290572	REACHES	* ast
7290537	7290581	REACHES	sub_demuxer
7290559	7290601	REACHES	* ast
7290559	7290616	REACHES	* ast
7290559	7290634	REACHES	* ast
7290559	7290648	REACHES	* ast
7290559	7290572	REACHES	ast -> sub_ctx
7290559	7290601	REACHES	ast -> sub_ctx
7290572	7290616	REACHES	* * ast
7290559	7290616	REACHES	ast -> sub_ctx
7290572	7290634	REACHES	* * ast
7290559	7290634	REACHES	ast -> sub_ctx
7290572	7290648	REACHES	* * ast
7290559	7290648	REACHES	ast -> sub_ctx
7290721	7290326	REACHES	pkt
7290721	7290387	REACHES	pkt
7290721	7290677	REACHES	pkt
7290721	7290685	REACHES	pkt
7290448	7290465	REACHES	ret
7290718	7290370	REACHES	st
7290718	7290481	REACHES	st
7290718	7290616	REACHES	st
7290718	7290660	REACHES	st
7290648	7290660	REACHES	time_base
7290387	7290423	REACHES	pb
7290387	7290436	REACHES	pb
7290387	7290448	REACHES	pb
7290387	7290465	REACHES	pb
7290387	7290498	REACHES	pb
7290387	7290505	REACHES	pb
7290387	7290572	REACHES	pb
7290353	7290448	REACHES	desc
7290353	7290477	REACHES	desc
7290353	7290481	REACHES	desc
7290724	7290718	CONTROLS	
7290724	7290721	CONTROLS	
7290724	7290326	CONTROLS	
7290326	7290353	CONTROLS	
7290326	7290358	CONTROLS	
7290326	7290370	CONTROLS	
7290326	7290379	CONTROLS	
7290326	7290383	CONTROLS	
7290326	7290387	CONTROLS	
7290326	7290419	CONTROLS	
7290326	7290423	CONTROLS	
7290326	7290436	CONTROLS	
7290326	7290713	CONTROLS	
7290436	7290446	CONTROLS	
7290436	7290702	CONTROLS	
7290436	7290704	CONTROLS	
7290436	7290713	CONTROLS	
7290436	7290448	CONTROLS	
7290436	7290465	CONTROLS	
7290436	7290477	CONTROLS	
7290436	7290498	CONTROLS	
7290436	7290505	CONTROLS	
7290436	7290512	CONTROLS	
7290436	7290513	CONTROLS	
7290436	7290514	CONTROLS	
7290436	7290515	CONTROLS	
7290436	7290516	CONTROLS	
7290436	7290518	CONTROLS	
7290436	7290519	CONTROLS	
7290436	7290520	CONTROLS	
7290436	7290521	CONTROLS	
7290436	7290522	CONTROLS	
7290436	7290523	CONTROLS	
7290436	7290524	CONTROLS	
7290436	7290525	CONTROLS	
7290436	7290526	CONTROLS	
7290436	7290527	CONTROLS	
7290436	7290528	CONTROLS	
7290436	7290529	CONTROLS	
7290436	7290530	CONTROLS	
7290436	7290531	CONTROLS	
7290436	7290532	CONTROLS	
7290436	7290533	CONTROLS	
7290436	7290534	CONTROLS	
7290436	7290535	CONTROLS	
7290436	7290537	CONTROLS	
7290477	7290481	CONTROLS	
7290537	7290556	CONTROLS	
7290537	7290702	CONTROLS	
7290537	7290704	CONTROLS	
7290537	7290713	CONTROLS	
7290537	7290559	CONTROLS	
7290559	7290570	CONTROLS	
7290559	7290702	CONTROLS	
7290559	7290704	CONTROLS	
7290559	7290713	CONTROLS	
7290559	7290572	CONTROLS	
7290559	7290581	CONTROLS	
7290559	7290677	CONTROLS	
7290559	7290685	CONTROLS	
7290559	7290700	CONTROLS	
7290581	7290601	CONTROLS	
7290581	7290616	CONTROLS	
7290581	7290634	CONTROLS	
7290581	7290648	CONTROLS	
7290581	7290660	CONTROLS	
7290721	7290326	DOM	
7290465	7290477	DOM	
7290521	7290522	DOM	
7290516	7290518	DOM	
7290525	7290526	DOM	
7290423	7290436	DOM	
7290523	7290524	DOM	
7290530	7290531	DOM	
7290724	7290718	DOM	
7290724	7290724	DOM	
7290515	7290516	DOM	
7290537	7290559	DOM	
7290533	7290534	DOM	
7290559	7290572	DOM	
7290526	7290527	DOM	
7290326	7290353	DOM	
7290524	7290525	DOM	
7290477	7290498	DOM	
7290512	7290513	DOM	
7290519	7290520	DOM	
7290518	7290519	DOM	
7290419	7290423	DOM	
7290514	7290515	DOM	
7290477	7290481	DOM	
7290436	7290702	DOM	
7290532	7290533	DOM	
7290581	7290677	DOM	
7290534	7290535	DOM	
7290387	7290419	DOM	
7290685	7290700	DOM	
7290326	7290713	DOM	
7290498	7290505	DOM	
7290436	7290448	DOM	
7290677	7290685	DOM	
7290520	7290521	DOM	
7290379	7290383	DOM	
7290436	7290446	DOM	
7290529	7290530	DOM	
7290528	7290529	DOM	
7290531	7290532	DOM	
7290559	7290570	DOM	
7290702	7290704	DOM	
7290535	7290537	DOM	
7290448	7290465	DOM	
7290383	7290387	DOM	
7290581	7290601	DOM	
7290353	7290358	DOM	
7290513	7290514	DOM	
7290326	7290725	DOM	
7290522	7290523	DOM	
7290527	7290528	DOM	
7290358	7290370	DOM	
7290537	7290556	DOM	
7290616	7290634	DOM	
7290370	7290379	DOM	
7290505	7290512	DOM	
7290648	7290660	DOM	
7290601	7290616	DOM	
7290634	7290648	DOM	
7290718	7290721	DOM	
7290572	7290581	DOM	
7290498	7290477	POST_DOM	
7290725	7290326	POST_DOM	
7290523	7290522	POST_DOM	
7290519	7290518	POST_DOM	
7290527	7290526	POST_DOM	
7290532	7290531	POST_DOM	
7290525	7290524	POST_DOM	
7290725	7290436	POST_DOM	
7290721	7290718	POST_DOM	
7290718	7290724	POST_DOM	
7290518	7290516	POST_DOM	
7290725	7290559	POST_DOM	
7290535	7290534	POST_DOM	
7290581	7290572	POST_DOM	
7290528	7290527	POST_DOM	
7290358	7290353	POST_DOM	
7290526	7290525	POST_DOM	
7290514	7290513	POST_DOM	
7290505	7290498	POST_DOM	
7290521	7290520	POST_DOM	
7290520	7290519	POST_DOM	
7290436	7290423	POST_DOM	
7290516	7290515	POST_DOM	
7290498	7290481	POST_DOM	
7290534	7290533	POST_DOM	
7290704	7290702	POST_DOM	
7290685	7290677	POST_DOM	
7290537	7290535	POST_DOM	
7290725	7290700	POST_DOM	
7290423	7290419	POST_DOM	
7290512	7290505	POST_DOM	
7290725	7290713	POST_DOM	
7290465	7290448	POST_DOM	
7290700	7290685	POST_DOM	
7290522	7290521	POST_DOM	
7290387	7290383	POST_DOM	
7290702	7290446	POST_DOM	
7290531	7290530	POST_DOM	
7290530	7290529	POST_DOM	
7290533	7290532	POST_DOM	
7290702	7290570	POST_DOM	
7290713	7290704	POST_DOM	
7290725	7290537	POST_DOM	
7290477	7290465	POST_DOM	
7290419	7290387	POST_DOM	
7290616	7290601	POST_DOM	
7290370	7290358	POST_DOM	
7290515	7290514	POST_DOM	
7290725	7290725	POST_DOM	
7290529	7290528	POST_DOM	
7290524	7290523	POST_DOM	
7290379	7290370	POST_DOM	
7290702	7290556	POST_DOM	
7290648	7290634	POST_DOM	
7290513	7290512	POST_DOM	
7290383	7290379	POST_DOM	
7290677	7290660	POST_DOM	
7290634	7290616	POST_DOM	
7290660	7290648	POST_DOM	
7290677	7290581	POST_DOM	
7290326	7290721	POST_DOM	
7290322	7290323	IS_FUNCTION_OF_AST	
7290322	7290724	IS_FUNCTION_OF_CFG	
7290321	7290322	IS_FILE_OF	
