start	end	type	var
2546740	2546741	IS_AST_PARENT	
2546740	2546742	IS_AST_PARENT	
2546743	2546744	IS_AST_PARENT	
2546745	2546746	IS_AST_PARENT	
2546745	2546747	IS_AST_PARENT	
2546743	2546745	IS_AST_PARENT	
2546740	2546743	IS_AST_PARENT	
2546739	2546740	IS_AST_PARENT	
2546738	2546739	IS_AST_PARENT	
2546749	2546750	IS_AST_PARENT	
2546749	2546751	IS_AST_PARENT	
2546748	2546749	IS_AST_PARENT	
2546738	2546748	IS_AST_PARENT	
2546754	2546755	IS_AST_PARENT	
2546753	2546754	IS_AST_PARENT	
2546759	2546760	IS_AST_PARENT	
2546758	2546759	IS_AST_PARENT	
2546758	2546761	IS_AST_PARENT	
2546757	2546758	IS_AST_PARENT	
2546756	2546757	IS_AST_PARENT	
2546762	2546763	IS_AST_PARENT	
2546756	2546762	IS_AST_PARENT	
2546765	2546766	IS_AST_PARENT	
2546765	2546767	IS_AST_PARENT	
2546764	2546765	IS_AST_PARENT	
2546756	2546764	IS_AST_PARENT	
2546769	2546770	IS_AST_PARENT	
2546769	2546771	IS_AST_PARENT	
2546768	2546769	IS_AST_PARENT	
2546756	2546768	IS_AST_PARENT	
2546753	2546756	IS_AST_PARENT	
2546752	2546753	IS_AST_PARENT	
2546738	2546752	IS_AST_PARENT	
2546773	2546774	IS_AST_PARENT	
2546776	2546777	IS_AST_PARENT	
2546775	2546776	IS_AST_PARENT	
2546779	2546780	IS_AST_PARENT	
2546778	2546779	IS_AST_PARENT	
2546781	2546782	IS_AST_PARENT	
2546778	2546781	IS_AST_PARENT	
2546783	2546784	IS_AST_PARENT	
2546778	2546783	IS_AST_PARENT	
2546775	2546778	IS_AST_PARENT	
2546773	2546775	IS_AST_PARENT	
2546772	2546773	IS_AST_PARENT	
2546738	2546772	IS_AST_PARENT	
2546787	2546788	IS_AST_PARENT	
2546787	2546789	IS_AST_PARENT	
2546786	2546787	IS_AST_PARENT	
2546785	2546786	IS_AST_PARENT	
2546791	2546792	IS_AST_PARENT	
2546790	2546791	IS_AST_PARENT	
2546785	2546790	IS_AST_PARENT	
2546738	2546785	IS_AST_PARENT	
2546795	2546796	IS_AST_PARENT	
2546794	2546795	IS_AST_PARENT	
2546800	2546801	IS_AST_PARENT	
2546799	2546800	IS_AST_PARENT	
2546799	2546802	IS_AST_PARENT	
2546798	2546799	IS_AST_PARENT	
2546797	2546798	IS_AST_PARENT	
2546794	2546797	IS_AST_PARENT	
2546793	2546794	IS_AST_PARENT	
2546738	2546793	IS_AST_PARENT	
2546806	2546807	IS_AST_PARENT	
2546806	2546808	IS_AST_PARENT	
2546805	2546806	IS_AST_PARENT	
2546805	2546809	IS_AST_PARENT	
2546804	2546805	IS_AST_PARENT	
2546803	2546804	IS_AST_PARENT	
2546812	2546813	IS_AST_PARENT	
2546812	2546814	IS_AST_PARENT	
2546815	2546816	IS_AST_PARENT	
2546818	2546819	IS_AST_PARENT	
2546817	2546818	IS_AST_PARENT	
2546821	2546822	IS_AST_PARENT	
2546820	2546821	IS_AST_PARENT	
2546825	2546826	IS_AST_PARENT	
2546825	2546827	IS_AST_PARENT	
2546824	2546825	IS_AST_PARENT	
2546828	2546829	IS_AST_PARENT	
2546828	2546830	IS_AST_PARENT	
2546824	2546828	IS_AST_PARENT	
2546823	2546824	IS_AST_PARENT	
2546820	2546823	IS_AST_PARENT	
2546817	2546820	IS_AST_PARENT	
2546815	2546817	IS_AST_PARENT	
2546812	2546815	IS_AST_PARENT	
2546811	2546812	IS_AST_PARENT	
2546810	2546811	IS_AST_PARENT	
2546833	2546834	IS_AST_PARENT	
2546833	2546835	IS_AST_PARENT	
2546832	2546833	IS_AST_PARENT	
2546831	2546832	IS_AST_PARENT	
2546837	2546838	IS_AST_PARENT	
2546836	2546837	IS_AST_PARENT	
2546831	2546836	IS_AST_PARENT	
2546810	2546831	IS_AST_PARENT	
2546841	2546842	IS_AST_PARENT	
2546841	2546843	IS_AST_PARENT	
2546840	2546841	IS_AST_PARENT	
2546840	2546844	IS_AST_PARENT	
2546839	2546840	IS_AST_PARENT	
2546810	2546839	IS_AST_PARENT	
2546845	2546846	IS_AST_PARENT	
2546810	2546845	IS_AST_PARENT	
2546803	2546810	IS_AST_PARENT	
2546850	2546851	IS_AST_PARENT	
2546853	2546854	IS_AST_PARENT	
2546852	2546853	IS_AST_PARENT	
2546856	2546857	IS_AST_PARENT	
2546855	2546856	IS_AST_PARENT	
2546859	2546860	IS_AST_PARENT	
2546859	2546861	IS_AST_PARENT	
2546858	2546859	IS_AST_PARENT	
2546855	2546858	IS_AST_PARENT	
2546863	2546864	IS_AST_PARENT	
2546863	2546865	IS_AST_PARENT	
2546862	2546863	IS_AST_PARENT	
2546855	2546862	IS_AST_PARENT	
2546852	2546855	IS_AST_PARENT	
2546850	2546852	IS_AST_PARENT	
2546849	2546850	IS_AST_PARENT	
2546848	2546849	IS_AST_PARENT	
2546868	2546869	IS_AST_PARENT	
2546868	2546870	IS_AST_PARENT	
2546867	2546868	IS_AST_PARENT	
2546866	2546867	IS_AST_PARENT	
2546872	2546873	IS_AST_PARENT	
2546871	2546872	IS_AST_PARENT	
2546866	2546871	IS_AST_PARENT	
2546848	2546866	IS_AST_PARENT	
2546876	2546877	IS_AST_PARENT	
2546876	2546878	IS_AST_PARENT	
2546875	2546876	IS_AST_PARENT	
2546875	2546879	IS_AST_PARENT	
2546874	2546875	IS_AST_PARENT	
2546848	2546874	IS_AST_PARENT	
2546880	2546881	IS_AST_PARENT	
2546848	2546880	IS_AST_PARENT	
2546847	2546848	IS_AST_PARENT	
2546803	2546847	IS_AST_PARENT	
2546738	2546803	IS_AST_PARENT	
2546737	2546738	IS_AST_PARENT	
2546737	2546882	IS_AST_PARENT	
2546737	2546883	IS_AST_PARENT	
2546885	2546886	IS_AST_PARENT	
2546885	2546887	IS_AST_PARENT	
2546884	2546885	IS_AST_PARENT	
2546888	2546889	IS_AST_PARENT	
2546888	2546890	IS_AST_PARENT	
2546884	2546888	IS_AST_PARENT	
2546891	2546892	IS_AST_PARENT	
2546891	2546893	IS_AST_PARENT	
2546884	2546891	IS_AST_PARENT	
2546894	2546895	IS_AST_PARENT	
2546894	2546896	IS_AST_PARENT	
2546884	2546894	IS_AST_PARENT	
2546737	2546884	IS_AST_PARENT	
2546897	2546885	FLOWS_TO	
2546885	2546888	FLOWS_TO	
2546888	2546891	FLOWS_TO	
2546891	2546894	FLOWS_TO	
2546894	2546739	FLOWS_TO	
2546739	2546748	FLOWS_TO	
2546748	2546752	FLOWS_TO	
2546752	2546772	FLOWS_TO	
2546772	2546786	FLOWS_TO	
2546786	2546791	FLOWS_TO	
2546786	2546793	FLOWS_TO	
2546791	2546898	FLOWS_TO	
2546793	2546804	FLOWS_TO	
2546804	2546811	FLOWS_TO	
2546804	2546849	FLOWS_TO	
2546811	2546832	FLOWS_TO	
2546832	2546837	FLOWS_TO	
2546832	2546839	FLOWS_TO	
2546837	2546898	FLOWS_TO	
2546839	2546845	FLOWS_TO	
2546845	2546898	FLOWS_TO	
2546849	2546867	FLOWS_TO	
2546867	2546872	FLOWS_TO	
2546867	2546874	FLOWS_TO	
2546872	2546898	FLOWS_TO	
2546874	2546880	FLOWS_TO	
2546880	2546898	FLOWS_TO	
2546748	2546899	DEF	
2546749	2546899	DEF	
2546772	2546899	DEF	
2546773	2546899	DEF	
2546786	2546899	USE	
2546791	2546899	USE	
2546849	2546899	DEF	
2546850	2546899	DEF	
2546867	2546899	USE	
2546872	2546899	USE	
2546874	2546899	USE	
2546875	2546899	USE	
2546891	2546900	DEF	
2546752	2546900	USE	
2546765	2546900	USE	
2546804	2546900	USE	
2546806	2546900	USE	
2546839	2546900	USE	
2546841	2546900	USE	
2546849	2546900	USE	
2546859	2546900	USE	
2546739	2546901	USE	
2546743	2546901	USE	
2546894	2546902	DEF	
2546752	2546902	USE	
2546769	2546902	USE	
2546772	2546902	USE	
2546783	2546902	USE	
2546811	2546902	USE	
2546825	2546902	USE	
2546849	2546902	USE	
2546863	2546902	USE	
2546874	2546902	USE	
2546876	2546902	USE	
2546752	2546903	USE	
2546768	2546903	USE	
2546811	2546903	USE	
2546823	2546903	USE	
2546849	2546903	USE	
2546862	2546903	USE	
2546874	2546903	DEF	
2546875	2546903	DEF	
2546772	2546904	USE	
2546773	2546904	USE	
2546811	2546905	USE	
2546823	2546905	USE	
2546885	2546906	DEF	
2546739	2546906	USE	
2546745	2546906	USE	
2546772	2546906	USE	
2546779	2546906	USE	
2546811	2546906	USE	
2546821	2546906	USE	
2546849	2546906	USE	
2546856	2546906	USE	
2546739	2546907	DEF	
2546740	2546907	DEF	
2546743	2546907	DEF	
2546811	2546907	USE	
2546828	2546907	USE	
2546739	2546908	USE	
2546743	2546908	USE	
2546752	2546909	USE	
2546764	2546909	USE	
2546804	2546909	USE	
2546839	2546909	DEF	
2546840	2546909	DEF	
2546849	2546909	USE	
2546858	2546909	USE	
2546811	2546910	DEF	
2546815	2546910	DEF	
2546812	2546910	DEF	
2546832	2546910	USE	
2546837	2546910	USE	
2546839	2546910	USE	
2546840	2546910	USE	
2546811	2546911	USE	
2546815	2546911	USE	
2546849	2546912	USE	
2546850	2546912	USE	
2546752	2546913	USE	
2546757	2546913	USE	
2546793	2546913	USE	
2546798	2546913	USE	
2546888	2546914	DEF	
2546752	2546914	USE	
2546762	2546914	USE	
2546772	2546914	USE	
2546781	2546914	USE	
2546811	2546915	USE	
2546823	2546915	USE	
2546894	2546752	REACHES	nb_clusters
2546894	2546772	REACHES	nb_clusters
2546894	2546811	REACHES	nb_clusters
2546894	2546849	REACHES	nb_clusters
2546894	2546874	REACHES	nb_clusters
2546874	2546898	REACHES	* nb_clusters
2546885	2546739	REACHES	bs
2546885	2546772	REACHES	bs
2546885	2546811	REACHES	bs
2546885	2546849	REACHES	bs
2546811	2546832	REACHES	cluster_offset
2546811	2546837	REACHES	cluster_offset
2546811	2546839	REACHES	cluster_offset
2546772	2546786	REACHES	ret
2546772	2546791	REACHES	ret
2546849	2546867	REACHES	ret
2546849	2546872	REACHES	ret
2546849	2546874	REACHES	ret
2546891	2546752	REACHES	host_offset
2546891	2546804	REACHES	host_offset
2546891	2546839	REACHES	host_offset
2546891	2546849	REACHES	host_offset
2546739	2546811	REACHES	s
2546839	2546898	REACHES	* host_offset
2546888	2546752	REACHES	guest_offset
2546888	2546772	REACHES	guest_offset
2546897	2546885	CONTROLS	
2546897	2546888	CONTROLS	
2546897	2546891	CONTROLS	
2546897	2546894	CONTROLS	
2546897	2546739	CONTROLS	
2546897	2546748	CONTROLS	
2546897	2546752	CONTROLS	
2546897	2546772	CONTROLS	
2546897	2546786	CONTROLS	
2546786	2546791	CONTROLS	
2546786	2546793	CONTROLS	
2546786	2546804	CONTROLS	
2546804	2546811	CONTROLS	
2546804	2546832	CONTROLS	
2546804	2546849	CONTROLS	
2546804	2546867	CONTROLS	
2546832	2546837	CONTROLS	
2546832	2546839	CONTROLS	
2546832	2546845	CONTROLS	
2546867	2546872	CONTROLS	
2546867	2546874	CONTROLS	
2546867	2546880	CONTROLS	
2546786	2546793	DOM	
2546849	2546867	DOM	
2546811	2546832	DOM	
2546874	2546880	DOM	
2546804	2546811	DOM	
2546894	2546739	DOM	
2546804	2546849	DOM	
2546897	2546897	DOM	
2546891	2546894	DOM	
2546772	2546786	DOM	
2546839	2546845	DOM	
2546867	2546872	DOM	
2546867	2546874	DOM	
2546897	2546885	DOM	
2546832	2546837	DOM	
2546888	2546891	DOM	
2546786	2546791	DOM	
2546793	2546804	DOM	
2546832	2546839	DOM	
2546739	2546748	DOM	
2546748	2546752	DOM	
2546885	2546888	DOM	
2546752	2546772	DOM	
2546786	2546898	DOM	
2546804	2546793	POST_DOM	
2546898	2546867	POST_DOM	
2546898	2546832	POST_DOM	
2546898	2546880	POST_DOM	
2546832	2546811	POST_DOM	
2546748	2546739	POST_DOM	
2546867	2546849	POST_DOM	
2546739	2546894	POST_DOM	
2546885	2546897	POST_DOM	
2546898	2546786	POST_DOM	
2546898	2546845	POST_DOM	
2546898	2546872	POST_DOM	
2546880	2546874	POST_DOM	
2546888	2546885	POST_DOM	
2546898	2546837	POST_DOM	
2546894	2546891	POST_DOM	
2546898	2546791	POST_DOM	
2546898	2546804	POST_DOM	
2546845	2546839	POST_DOM	
2546772	2546752	POST_DOM	
2546752	2546748	POST_DOM	
2546891	2546888	POST_DOM	
2546786	2546772	POST_DOM	
2546898	2546898	POST_DOM	
2546736	2546737	IS_FUNCTION_OF_AST	
2546736	2546897	IS_FUNCTION_OF_CFG	
2546735	2546736	IS_FILE_OF	
