start	end	type	var
7836076	7836077	IS_AST_PARENT	
7836076	7836078	IS_AST_PARENT	
7836079	7836080	IS_AST_PARENT	
7836082	7836083	IS_AST_PARENT	
7836081	7836082	IS_AST_PARENT	
7836085	7836086	IS_AST_PARENT	
7836084	7836085	IS_AST_PARENT	
7836081	7836084	IS_AST_PARENT	
7836079	7836081	IS_AST_PARENT	
7836076	7836079	IS_AST_PARENT	
7836075	7836076	IS_AST_PARENT	
7836074	7836075	IS_AST_PARENT	
7836088	7836089	IS_AST_PARENT	
7836088	7836090	IS_AST_PARENT	
7836091	7836092	IS_AST_PARENT	
7836094	7836095	IS_AST_PARENT	
7836093	7836094	IS_AST_PARENT	
7836097	7836098	IS_AST_PARENT	
7836096	7836097	IS_AST_PARENT	
7836099	7836100	IS_AST_PARENT	
7836096	7836099	IS_AST_PARENT	
7836093	7836096	IS_AST_PARENT	
7836091	7836093	IS_AST_PARENT	
7836088	7836091	IS_AST_PARENT	
7836087	7836088	IS_AST_PARENT	
7836074	7836087	IS_AST_PARENT	
7836103	7836104	IS_AST_PARENT	
7836103	7836105	IS_AST_PARENT	
7836102	7836103	IS_AST_PARENT	
7836101	7836102	IS_AST_PARENT	
7836107	7836108	IS_AST_PARENT	
7836110	7836111	IS_AST_PARENT	
7836109	7836110	IS_AST_PARENT	
7836113	7836114	IS_AST_PARENT	
7836112	7836113	IS_AST_PARENT	
7836115	7836116	IS_AST_PARENT	
7836112	7836115	IS_AST_PARENT	
7836109	7836112	IS_AST_PARENT	
7836107	7836109	IS_AST_PARENT	
7836106	7836107	IS_AST_PARENT	
7836101	7836106	IS_AST_PARENT	
7836074	7836101	IS_AST_PARENT	
7836118	7836119	IS_AST_PARENT	
7836117	7836118	IS_AST_PARENT	
7836122	7836123	IS_AST_PARENT	
7836121	7836122	IS_AST_PARENT	
7836125	7836126	IS_AST_PARENT	
7836124	7836125	IS_AST_PARENT	
7836121	7836124	IS_AST_PARENT	
7836120	7836121	IS_AST_PARENT	
7836117	7836120	IS_AST_PARENT	
7836074	7836117	IS_AST_PARENT	
7836129	7836130	IS_AST_PARENT	
7836128	7836129	IS_AST_PARENT	
7836132	7836133	IS_AST_PARENT	
7836131	7836132	IS_AST_PARENT	
7836135	7836136	IS_AST_PARENT	
7836135	7836137	IS_AST_PARENT	
7836134	7836135	IS_AST_PARENT	
7836131	7836134	IS_AST_PARENT	
7836128	7836131	IS_AST_PARENT	
7836127	7836128	IS_AST_PARENT	
7836074	7836127	IS_AST_PARENT	
7836073	7836074	IS_AST_PARENT	
7836073	7836138	IS_AST_PARENT	
7836073	7836139	IS_AST_PARENT	
7836141	7836142	IS_AST_PARENT	
7836141	7836143	IS_AST_PARENT	
7836140	7836141	IS_AST_PARENT	
7836073	7836140	IS_AST_PARENT	
7836144	7836141	FLOWS_TO	
7836141	7836075	FLOWS_TO	
7836075	7836087	FLOWS_TO	
7836087	7836102	FLOWS_TO	
7836102	7836106	FLOWS_TO	
7836102	7836118	FLOWS_TO	
7836106	7836118	FLOWS_TO	
7836118	7836120	FLOWS_TO	
7836118	7836127	FLOWS_TO	
7836120	7836127	FLOWS_TO	
7836127	7836145	FLOWS_TO	
7836087	7836146	USE	
7836091	7836146	USE	
7836106	7836146	USE	
7836107	7836146	USE	
7836075	7836147	DEF	
7836079	7836147	DEF	
7836076	7836147	DEF	
7836118	7836147	USE	
7836075	7836148	USE	
7836079	7836148	USE	
7836087	7836149	DEF	
7836091	7836149	DEF	
7836088	7836149	DEF	
7836102	7836149	USE	
7836106	7836149	DEF	
7836107	7836149	DEF	
7836106	7836149	USE	
7836107	7836149	USE	
7836127	7836149	USE	
7836134	7836149	USE	
7836141	7836150	DEF	
7836075	7836150	USE	
7836085	7836150	USE	
7836087	7836150	USE	
7836097	7836150	USE	
7836106	7836150	USE	
7836113	7836150	USE	
7836120	7836150	USE	
7836125	7836150	USE	
7836127	7836150	USE	
7836132	7836150	USE	
7836075	7836118	REACHES	byte_align
7836087	7836102	REACHES	count
7836087	7836106	REACHES	count
7836106	7836127	REACHES	count
7836087	7836127	REACHES	count
7836141	7836075	REACHES	gb
7836141	7836087	REACHES	gb
7836141	7836106	REACHES	gb
7836141	7836120	REACHES	gb
7836141	7836127	REACHES	gb
7836144	7836141	CONTROLS	
7836144	7836075	CONTROLS	
7836144	7836087	CONTROLS	
7836144	7836102	CONTROLS	
7836144	7836118	CONTROLS	
7836144	7836127	CONTROLS	
7836102	7836106	CONTROLS	
7836118	7836120	CONTROLS	
7836102	7836106	DOM	
7836144	7836141	DOM	
7836102	7836118	DOM	
7836141	7836075	DOM	
7836144	7836144	DOM	
7836127	7836145	DOM	
7836118	7836127	DOM	
7836118	7836120	DOM	
7836075	7836087	DOM	
7836087	7836102	DOM	
7836118	7836106	POST_DOM	
7836127	7836118	POST_DOM	
7836075	7836141	POST_DOM	
7836087	7836075	POST_DOM	
7836145	7836145	POST_DOM	
7836141	7836144	POST_DOM	
7836145	7836127	POST_DOM	
7836127	7836120	POST_DOM	
7836102	7836087	POST_DOM	
7836118	7836102	POST_DOM	
7836072	7836073	IS_FUNCTION_OF_AST	
7836072	7836144	IS_FUNCTION_OF_CFG	
7836071	7836072	IS_FILE_OF	
