start	end	type	var
7065535	7065536	IS_AST_PARENT	
7065535	7065537	IS_AST_PARENT	
7065538	7065539	IS_AST_PARENT	
7065541	7065542	IS_AST_PARENT	
7065540	7065541	IS_AST_PARENT	
7065544	7065545	IS_AST_PARENT	
7065543	7065544	IS_AST_PARENT	
7065540	7065543	IS_AST_PARENT	
7065538	7065540	IS_AST_PARENT	
7065535	7065538	IS_AST_PARENT	
7065534	7065535	IS_AST_PARENT	
7065533	7065534	IS_AST_PARENT	
7065547	7065548	IS_AST_PARENT	
7065547	7065549	IS_AST_PARENT	
7065546	7065547	IS_AST_PARENT	
7065533	7065546	IS_AST_PARENT	
7065550	7065551	IS_AST_PARENT	
7065533	7065550	IS_AST_PARENT	
7065553	7065554	IS_AST_PARENT	
7065556	7065557	IS_AST_PARENT	
7065555	7065556	IS_AST_PARENT	
7065560	7065561	IS_AST_PARENT	
7065560	7065562	IS_AST_PARENT	
7065559	7065560	IS_AST_PARENT	
7065558	7065559	IS_AST_PARENT	
7065563	7065564	IS_AST_PARENT	
7065558	7065563	IS_AST_PARENT	
7065565	7065566	IS_AST_PARENT	
7065558	7065565	IS_AST_PARENT	
7065555	7065558	IS_AST_PARENT	
7065553	7065555	IS_AST_PARENT	
7065552	7065553	IS_AST_PARENT	
7065533	7065552	IS_AST_PARENT	
7065569	7065570	IS_AST_PARENT	
7065569	7065571	IS_AST_PARENT	
7065568	7065569	IS_AST_PARENT	
7065567	7065568	IS_AST_PARENT	
7065576	7065577	IS_AST_PARENT	
7065576	7065578	IS_AST_PARENT	
7065575	7065576	IS_AST_PARENT	
7065579	7065580	IS_AST_PARENT	
7065579	7065581	IS_AST_PARENT	
7065575	7065579	IS_AST_PARENT	
7065574	7065575	IS_AST_PARENT	
7065573	7065574	IS_AST_PARENT	
7065583	7065584	IS_AST_PARENT	
7065582	7065583	IS_AST_PARENT	
7065573	7065582	IS_AST_PARENT	
7065572	7065573	IS_AST_PARENT	
7065587	7065588	IS_AST_PARENT	
7065587	7065589	IS_AST_PARENT	
7065586	7065587	IS_AST_PARENT	
7065585	7065586	IS_AST_PARENT	
7065591	7065592	IS_AST_PARENT	
7065590	7065591	IS_AST_PARENT	
7065585	7065590	IS_AST_PARENT	
7065572	7065585	IS_AST_PARENT	
7065595	7065596	IS_AST_PARENT	
7065594	7065595	IS_AST_PARENT	
7065598	7065599	IS_AST_PARENT	
7065597	7065598	IS_AST_PARENT	
7065600	7065601	IS_AST_PARENT	
7065597	7065600	IS_AST_PARENT	
7065602	7065603	IS_AST_PARENT	
7065597	7065602	IS_AST_PARENT	
7065604	7065605	IS_AST_PARENT	
7065597	7065604	IS_AST_PARENT	
7065594	7065597	IS_AST_PARENT	
7065593	7065594	IS_AST_PARENT	
7065572	7065593	IS_AST_PARENT	
7065607	7065608	IS_AST_PARENT	
7065607	7065609	IS_AST_PARENT	
7065606	7065607	IS_AST_PARENT	
7065572	7065606	IS_AST_PARENT	
7065567	7065572	IS_AST_PARENT	
7065533	7065567	IS_AST_PARENT	
7065610	7065611	IS_AST_PARENT	
7065533	7065610	IS_AST_PARENT	
7065532	7065533	IS_AST_PARENT	
7065532	7065612	IS_AST_PARENT	
7065532	7065613	IS_AST_PARENT	
7065615	7065616	IS_AST_PARENT	
7065615	7065617	IS_AST_PARENT	
7065614	7065615	IS_AST_PARENT	
7065618	7065619	IS_AST_PARENT	
7065618	7065620	IS_AST_PARENT	
7065614	7065618	IS_AST_PARENT	
7065621	7065622	IS_AST_PARENT	
7065621	7065623	IS_AST_PARENT	
7065614	7065621	IS_AST_PARENT	
7065624	7065625	IS_AST_PARENT	
7065624	7065626	IS_AST_PARENT	
7065614	7065624	IS_AST_PARENT	
7065627	7065628	IS_AST_PARENT	
7065627	7065629	IS_AST_PARENT	
7065614	7065627	IS_AST_PARENT	
7065630	7065631	IS_AST_PARENT	
7065630	7065632	IS_AST_PARENT	
7065614	7065630	IS_AST_PARENT	
7065532	7065614	IS_AST_PARENT	
7065633	7065615	FLOWS_TO	
7065615	7065618	FLOWS_TO	
7065618	7065621	FLOWS_TO	
7065621	7065624	FLOWS_TO	
7065624	7065627	FLOWS_TO	
7065627	7065630	FLOWS_TO	
7065630	7065534	FLOWS_TO	
7065534	7065546	FLOWS_TO	
7065546	7065550	FLOWS_TO	
7065550	7065552	FLOWS_TO	
7065552	7065568	FLOWS_TO	
7065568	7065574	FLOWS_TO	
7065568	7065610	FLOWS_TO	
7065574	7065583	FLOWS_TO	
7065574	7065586	FLOWS_TO	
7065583	7065634	FLOWS_TO	
7065586	7065591	FLOWS_TO	
7065586	7065593	FLOWS_TO	
7065591	7065550	FLOWS_TO	
7065593	7065606	FLOWS_TO	
7065606	7065634	FLOWS_TO	
7065610	7065634	FLOWS_TO	
7065546	7065635	DEF	
7065547	7065635	DEF	
7065552	7065635	DEF	
7065553	7065635	DEF	
7065568	7065635	USE	
7065610	7065635	USE	
7065583	7065636	USE	
7065574	7065637	USE	
7065586	7065637	USE	
7065593	7065637	USE	
7065600	7065637	USE	
7065630	7065638	DEF	
7065593	7065638	USE	
7065598	7065638	USE	
7065586	7065639	USE	
7065574	7065640	USE	
7065534	7065641	USE	
7065538	7065641	USE	
7065552	7065642	USE	
7065559	7065642	USE	
7065552	7065643	USE	
7065559	7065643	USE	
7065618	7065644	DEF	
7065552	7065644	USE	
7065563	7065644	USE	
7065621	7065645	DEF	
7065552	7065645	USE	
7065565	7065645	USE	
7065624	7065646	DEF	
7065627	7065647	DEF	
7065534	7065648	DEF	
7065538	7065648	DEF	
7065535	7065648	DEF	
7065552	7065648	USE	
7065560	7065648	USE	
7065574	7065649	USE	
7065615	7065650	DEF	
7065534	7065650	USE	
7065544	7065650	USE	
7065552	7065651	USE	
7065553	7065651	USE	
7065552	7065568	REACHES	ret
7065552	7065610	REACHES	ret
7065621	7065552	REACHES	niov
7065618	7065552	REACHES	iov
7065534	7065552	REACHES	cioc
7065630	7065593	REACHES	errp
7065615	7065534	REACHES	ioc
7065633	7065615	CONTROLS	
7065633	7065618	CONTROLS	
7065633	7065621	CONTROLS	
7065633	7065624	CONTROLS	
7065633	7065627	CONTROLS	
7065633	7065630	CONTROLS	
7065633	7065534	CONTROLS	
7065633	7065546	CONTROLS	
7065633	7065550	CONTROLS	
7065633	7065552	CONTROLS	
7065633	7065568	CONTROLS	
7065568	7065574	CONTROLS	
7065568	7065610	CONTROLS	
7065574	7065583	CONTROLS	
7065574	7065586	CONTROLS	
7065586	7065591	CONTROLS	
7065586	7065550	CONTROLS	
7065586	7065552	CONTROLS	
7065586	7065568	CONTROLS	
7065586	7065593	CONTROLS	
7065586	7065606	CONTROLS	
7065633	7065615	DOM	
7065627	7065630	DOM	
7065568	7065634	DOM	
7065568	7065610	DOM	
7065615	7065618	DOM	
7065552	7065568	DOM	
7065621	7065624	DOM	
7065534	7065546	DOM	
7065586	7065591	DOM	
7065624	7065627	DOM	
7065586	7065593	DOM	
7065618	7065621	DOM	
7065568	7065574	DOM	
7065593	7065606	DOM	
7065633	7065633	DOM	
7065546	7065550	DOM	
7065574	7065586	DOM	
7065630	7065534	DOM	
7065574	7065583	DOM	
7065550	7065552	DOM	
7065618	7065615	POST_DOM	
7065634	7065634	POST_DOM	
7065534	7065630	POST_DOM	
7065634	7065610	POST_DOM	
7065621	7065618	POST_DOM	
7065634	7065568	POST_DOM	
7065627	7065624	POST_DOM	
7065550	7065546	POST_DOM	
7065550	7065591	POST_DOM	
7065630	7065627	POST_DOM	
7065606	7065593	POST_DOM	
7065634	7065574	POST_DOM	
7065624	7065621	POST_DOM	
7065634	7065606	POST_DOM	
7065552	7065550	POST_DOM	
7065615	7065633	POST_DOM	
7065634	7065586	POST_DOM	
7065546	7065534	POST_DOM	
7065634	7065583	POST_DOM	
7065568	7065552	POST_DOM	
7065531	7065532	IS_FUNCTION_OF_AST	
7065531	7065633	IS_FUNCTION_OF_CFG	
7065530	7065531	IS_FILE_OF	
