start	end	type	var
645661	645662	IS_AST_PARENT	
645661	645663	IS_AST_PARENT	
645664	645665	IS_AST_PARENT	
645666	645667	IS_AST_PARENT	
645666	645668	IS_AST_PARENT	
645664	645666	IS_AST_PARENT	
645661	645664	IS_AST_PARENT	
645660	645661	IS_AST_PARENT	
645659	645660	IS_AST_PARENT	
645670	645671	IS_AST_PARENT	
645670	645672	IS_AST_PARENT	
645669	645670	IS_AST_PARENT	
645673	645674	IS_AST_PARENT	
645673	645675	IS_AST_PARENT	
645676	645677	IS_AST_PARENT	
645678	645679	IS_AST_PARENT	
645678	645680	IS_AST_PARENT	
645676	645678	IS_AST_PARENT	
645673	645676	IS_AST_PARENT	
645669	645673	IS_AST_PARENT	
645659	645669	IS_AST_PARENT	
645683	645684	IS_AST_PARENT	
645683	645685	IS_AST_PARENT	
645682	645683	IS_AST_PARENT	
645681	645682	IS_AST_PARENT	
645688	645689	IS_AST_PARENT	
645688	645690	IS_AST_PARENT	
645691	645692	IS_AST_PARENT	
645694	645695	IS_AST_PARENT	
645693	645694	IS_AST_PARENT	
645698	645699	IS_AST_PARENT	
645698	645700	IS_AST_PARENT	
645697	645698	IS_AST_PARENT	
645696	645697	IS_AST_PARENT	
645701	645702	IS_AST_PARENT	
645696	645701	IS_AST_PARENT	
645703	645704	IS_AST_PARENT	
645696	645703	IS_AST_PARENT	
645705	645706	IS_AST_PARENT	
645696	645705	IS_AST_PARENT	
645693	645696	IS_AST_PARENT	
645691	645693	IS_AST_PARENT	
645688	645691	IS_AST_PARENT	
645687	645688	IS_AST_PARENT	
645686	645687	IS_AST_PARENT	
645708	645709	IS_AST_PARENT	
645708	645710	IS_AST_PARENT	
645711	645712	IS_AST_PARENT	
645714	645715	IS_AST_PARENT	
645714	645716	IS_AST_PARENT	
645713	645714	IS_AST_PARENT	
645717	645718	IS_AST_PARENT	
645717	645719	IS_AST_PARENT	
645713	645717	IS_AST_PARENT	
645711	645713	IS_AST_PARENT	
645708	645711	IS_AST_PARENT	
645707	645708	IS_AST_PARENT	
645686	645707	IS_AST_PARENT	
645721	645722	IS_AST_PARENT	
645724	645725	IS_AST_PARENT	
645723	645724	IS_AST_PARENT	
645727	645728	IS_AST_PARENT	
645726	645727	IS_AST_PARENT	
645729	645730	IS_AST_PARENT	
645726	645729	IS_AST_PARENT	
645731	645732	IS_AST_PARENT	
645726	645731	IS_AST_PARENT	
645733	645734	IS_AST_PARENT	
645726	645733	IS_AST_PARENT	
645735	645736	IS_AST_PARENT	
645726	645735	IS_AST_PARENT	
645723	645726	IS_AST_PARENT	
645721	645723	IS_AST_PARENT	
645720	645721	IS_AST_PARENT	
645686	645720	IS_AST_PARENT	
645739	645740	IS_AST_PARENT	
645739	645741	IS_AST_PARENT	
645738	645739	IS_AST_PARENT	
645737	645738	IS_AST_PARENT	
645742	645743	IS_AST_PARENT	
645737	645742	IS_AST_PARENT	
645686	645737	IS_AST_PARENT	
645745	645746	IS_AST_PARENT	
645745	645747	IS_AST_PARENT	
645744	645745	IS_AST_PARENT	
645686	645744	IS_AST_PARENT	
645749	645750	IS_AST_PARENT	
645749	645751	IS_AST_PARENT	
645748	645749	IS_AST_PARENT	
645686	645748	IS_AST_PARENT	
645681	645686	IS_AST_PARENT	
645659	645681	IS_AST_PARENT	
645754	645755	IS_AST_PARENT	
645754	645756	IS_AST_PARENT	
645753	645754	IS_AST_PARENT	
645758	645759	IS_AST_PARENT	
645758	645760	IS_AST_PARENT	
645757	645758	IS_AST_PARENT	
645757	645761	IS_AST_PARENT	
645753	645757	IS_AST_PARENT	
645752	645753	IS_AST_PARENT	
645659	645752	IS_AST_PARENT	
645763	645764	IS_AST_PARENT	
645763	645765	IS_AST_PARENT	
645762	645763	IS_AST_PARENT	
645659	645762	IS_AST_PARENT	
645658	645659	IS_AST_PARENT	
645658	645766	IS_AST_PARENT	
645658	645767	IS_AST_PARENT	
645769	645770	IS_AST_PARENT	
645769	645771	IS_AST_PARENT	
645768	645769	IS_AST_PARENT	
645772	645773	IS_AST_PARENT	
645772	645774	IS_AST_PARENT	
645768	645772	IS_AST_PARENT	
645775	645776	IS_AST_PARENT	
645775	645777	IS_AST_PARENT	
645768	645775	IS_AST_PARENT	
645778	645779	IS_AST_PARENT	
645778	645780	IS_AST_PARENT	
645768	645778	IS_AST_PARENT	
645658	645768	IS_AST_PARENT	
645781	645769	FLOWS_TO	
645769	645772	FLOWS_TO	
645772	645775	FLOWS_TO	
645775	645778	FLOWS_TO	
645778	645660	FLOWS_TO	
645660	645669	FLOWS_TO	
645669	645682	FLOWS_TO	
645682	645687	FLOWS_TO	
645682	645752	FLOWS_TO	
645687	645707	FLOWS_TO	
645707	645720	FLOWS_TO	
645720	645738	FLOWS_TO	
645738	645742	FLOWS_TO	
645738	645744	FLOWS_TO	
645742	645782	FLOWS_TO	
645744	645748	FLOWS_TO	
645748	645682	FLOWS_TO	
645752	645762	FLOWS_TO	
645762	645782	FLOWS_TO	
645660	645783	USE	
645664	645783	USE	
645669	645783	USE	
645676	645783	USE	
645752	645783	USE	
645753	645783	USE	
645762	645783	USE	
645752	645784	DEF	
645753	645784	DEF	
645687	645785	USE	
645705	645785	USE	
645772	645786	DEF	
645720	645786	USE	
645727	645786	USE	
645778	645787	DEF	
645660	645787	USE	
645666	645787	USE	
645669	645787	USE	
645678	645787	USE	
645752	645787	USE	
645758	645787	USE	
645762	645787	USE	
645763	645787	USE	
645687	645788	USE	
645697	645788	USE	
645707	645789	USE	
645711	645789	USE	
645707	645790	USE	
645711	645790	USE	
645775	645791	DEF	
645752	645791	USE	
645754	645791	USE	
645660	645792	DEF	
645664	645792	DEF	
645661	645792	DEF	
645687	645792	USE	
645701	645792	USE	
645720	645792	USE	
645729	645792	USE	
645744	645792	DEF	
645745	645792	DEF	
645744	645792	USE	
645745	645792	USE	
645707	645793	DEF	
645711	645793	DEF	
645708	645793	DEF	
645720	645793	USE	
645733	645793	USE	
645687	645794	DEF	
645691	645794	DEF	
645688	645794	DEF	
645707	645794	USE	
645717	645794	USE	
645714	645794	USE	
645720	645795	USE	
645721	645795	USE	
645687	645796	USE	
645697	645796	USE	
645669	645797	DEF	
645676	645797	DEF	
645673	645797	DEF	
645682	645797	USE	
645748	645797	USE	
645749	645797	USE	
645748	645797	DEF	
645749	645797	DEF	
645669	645798	DEF	
645670	645798	DEF	
645720	645798	DEF	
645721	645798	DEF	
645738	645798	USE	
645742	645798	USE	
645744	645798	USE	
645745	645798	USE	
645748	645798	USE	
645749	645798	USE	
645687	645799	USE	
645691	645799	USE	
645669	645800	USE	
645676	645800	USE	
645752	645800	USE	
645753	645800	USE	
645762	645800	USE	
645660	645801	USE	
645664	645801	USE	
645707	645802	USE	
645711	645802	USE	
645769	645803	DEF	
645687	645803	USE	
645698	645803	USE	
645752	645782	REACHES	* got_sub_ptr
645772	645720	REACHES	data
645778	645660	REACHES	avpkt
645778	645669	REACHES	avpkt
645778	645752	REACHES	avpkt
645778	645762	REACHES	avpkt
645660	645687	REACHES	ptr
645744	645687	REACHES	ptr
645660	645720	REACHES	ptr
645744	645720	REACHES	ptr
645660	645744	REACHES	ptr
645744	645744	REACHES	ptr
645775	645752	REACHES	got_sub_ptr
645707	645720	REACHES	duration
645687	645707	REACHES	dialog
645748	645682	REACHES	size
645669	645682	REACHES	size
645720	645738	REACHES	len
645720	645742	REACHES	len
645720	645744	REACHES	len
645748	645748	REACHES	size
645669	645748	REACHES	size
645720	645748	REACHES	len
645769	645687	REACHES	avctx
645781	645769	CONTROLS	
645781	645772	CONTROLS	
645781	645775	CONTROLS	
645781	645778	CONTROLS	
645781	645660	CONTROLS	
645781	645669	CONTROLS	
645781	645682	CONTROLS	
645682	645687	CONTROLS	
645682	645707	CONTROLS	
645682	645720	CONTROLS	
645682	645738	CONTROLS	
645682	645752	CONTROLS	
645682	645762	CONTROLS	
645738	645742	CONTROLS	
645738	645744	CONTROLS	
645738	645748	CONTROLS	
645738	645682	CONTROLS	
645752	645762	DOM	
645775	645778	DOM	
645669	645682	DOM	
645744	645748	DOM	
645738	645742	DOM	
645682	645752	DOM	
645769	645772	DOM	
645682	645687	DOM	
645781	645769	DOM	
645682	645782	DOM	
645781	645781	DOM	
645772	645775	DOM	
645687	645707	DOM	
645778	645660	DOM	
645707	645720	DOM	
645660	645669	DOM	
645720	645738	DOM	
645738	645744	DOM	
645782	645762	POST_DOM	
645660	645778	POST_DOM	
645782	645682	POST_DOM	
645682	645748	POST_DOM	
645782	645742	POST_DOM	
645762	645752	POST_DOM	
645775	645772	POST_DOM	
645707	645687	POST_DOM	
645782	645782	POST_DOM	
645772	645769	POST_DOM	
645769	645781	POST_DOM	
645720	645707	POST_DOM	
645778	645775	POST_DOM	
645738	645720	POST_DOM	
645669	645660	POST_DOM	
645782	645738	POST_DOM	
645682	645669	POST_DOM	
645748	645744	POST_DOM	
645657	645658	IS_FUNCTION_OF_AST	
645657	645781	IS_FUNCTION_OF_CFG	
645656	645657	IS_FILE_OF	
