start	end	type	var
8911994	8911995	IS_AST_PARENT	
8911994	8911996	IS_AST_PARENT	
8911993	8911994	IS_AST_PARENT	
8911992	8911993	IS_AST_PARENT	
8911998	8911999	IS_AST_PARENT	
8911998	8912000	IS_AST_PARENT	
8911997	8911998	IS_AST_PARENT	
8911992	8911997	IS_AST_PARENT	
8912002	8912003	IS_AST_PARENT	
8912002	8912004	IS_AST_PARENT	
8912001	8912002	IS_AST_PARENT	
8912005	8912006	IS_AST_PARENT	
8912005	8912007	IS_AST_PARENT	
8912001	8912005	IS_AST_PARENT	
8912008	8912009	IS_AST_PARENT	
8912008	8912010	IS_AST_PARENT	
8912001	8912008	IS_AST_PARENT	
8912011	8912012	IS_AST_PARENT	
8912011	8912013	IS_AST_PARENT	
8912001	8912011	IS_AST_PARENT	
8912014	8912015	IS_AST_PARENT	
8912014	8912016	IS_AST_PARENT	
8912001	8912014	IS_AST_PARENT	
8912017	8912018	IS_AST_PARENT	
8912017	8912019	IS_AST_PARENT	
8912001	8912017	IS_AST_PARENT	
8911992	8912001	IS_AST_PARENT	
8912021	8912022	IS_AST_PARENT	
8912021	8912023	IS_AST_PARENT	
8912024	8912025	IS_AST_PARENT	
8912027	8912028	IS_AST_PARENT	
8912026	8912027	IS_AST_PARENT	
8912031	8912032	IS_AST_PARENT	
8912031	8912033	IS_AST_PARENT	
8912030	8912031	IS_AST_PARENT	
8912029	8912030	IS_AST_PARENT	
8912026	8912029	IS_AST_PARENT	
8912024	8912026	IS_AST_PARENT	
8912021	8912024	IS_AST_PARENT	
8912020	8912021	IS_AST_PARENT	
8911992	8912020	IS_AST_PARENT	
8912035	8912036	IS_AST_PARENT	
8912035	8912037	IS_AST_PARENT	
8912038	8912039	IS_AST_PARENT	
8912042	8912043	IS_AST_PARENT	
8912042	8912044	IS_AST_PARENT	
8912041	8912042	IS_AST_PARENT	
8912041	8912045	IS_AST_PARENT	
8912040	8912041	IS_AST_PARENT	
8912040	8912046	IS_AST_PARENT	
8912038	8912040	IS_AST_PARENT	
8912035	8912038	IS_AST_PARENT	
8912034	8912035	IS_AST_PARENT	
8911992	8912034	IS_AST_PARENT	
8912048	8912049	IS_AST_PARENT	
8912048	8912050	IS_AST_PARENT	
8912051	8912052	IS_AST_PARENT	
8912053	8912054	IS_AST_PARENT	
8912053	8912055	IS_AST_PARENT	
8912051	8912053	IS_AST_PARENT	
8912048	8912051	IS_AST_PARENT	
8912047	8912048	IS_AST_PARENT	
8911992	8912047	IS_AST_PARENT	
8912058	8912059	IS_AST_PARENT	
8912058	8912060	IS_AST_PARENT	
8912057	8912058	IS_AST_PARENT	
8912057	8912061	IS_AST_PARENT	
8912056	8912057	IS_AST_PARENT	
8911992	8912056	IS_AST_PARENT	
8912064	8912065	IS_AST_PARENT	
8912064	8912066	IS_AST_PARENT	
8912063	8912064	IS_AST_PARENT	
8912063	8912067	IS_AST_PARENT	
8912062	8912063	IS_AST_PARENT	
8911992	8912062	IS_AST_PARENT	
8912071	8912072	IS_AST_PARENT	
8912071	8912073	IS_AST_PARENT	
8912070	8912071	IS_AST_PARENT	
8912070	8912074	IS_AST_PARENT	
8912069	8912070	IS_AST_PARENT	
8912069	8912075	IS_AST_PARENT	
8912068	8912069	IS_AST_PARENT	
8911992	8912068	IS_AST_PARENT	
8912079	8912080	IS_AST_PARENT	
8912079	8912081	IS_AST_PARENT	
8912078	8912079	IS_AST_PARENT	
8912078	8912082	IS_AST_PARENT	
8912077	8912078	IS_AST_PARENT	
8912077	8912083	IS_AST_PARENT	
8912076	8912077	IS_AST_PARENT	
8911992	8912076	IS_AST_PARENT	
8912086	8912087	IS_AST_PARENT	
8912086	8912088	IS_AST_PARENT	
8912085	8912086	IS_AST_PARENT	
8912085	8912089	IS_AST_PARENT	
8912084	8912085	IS_AST_PARENT	
8911992	8912084	IS_AST_PARENT	
8912092	8912093	IS_AST_PARENT	
8912092	8912094	IS_AST_PARENT	
8912091	8912092	IS_AST_PARENT	
8912091	8912095	IS_AST_PARENT	
8912090	8912091	IS_AST_PARENT	
8911992	8912090	IS_AST_PARENT	
8912098	8912099	IS_AST_PARENT	
8912098	8912100	IS_AST_PARENT	
8912097	8912098	IS_AST_PARENT	
8912101	8912102	IS_AST_PARENT	
8912101	8912103	IS_AST_PARENT	
8912097	8912101	IS_AST_PARENT	
8912096	8912097	IS_AST_PARENT	
8911992	8912096	IS_AST_PARENT	
8912106	8912107	IS_AST_PARENT	
8912106	8912108	IS_AST_PARENT	
8912105	8912106	IS_AST_PARENT	
8912105	8912109	IS_AST_PARENT	
8912104	8912105	IS_AST_PARENT	
8911992	8912104	IS_AST_PARENT	
8912112	8912113	IS_AST_PARENT	
8912112	8912114	IS_AST_PARENT	
8912111	8912112	IS_AST_PARENT	
8912111	8912115	IS_AST_PARENT	
8912110	8912111	IS_AST_PARENT	
8911992	8912110	IS_AST_PARENT	
8912118	8912119	IS_AST_PARENT	
8912118	8912120	IS_AST_PARENT	
8912117	8912118	IS_AST_PARENT	
8912117	8912121	IS_AST_PARENT	
8912116	8912117	IS_AST_PARENT	
8911992	8912116	IS_AST_PARENT	
8912124	8912125	IS_AST_PARENT	
8912124	8912126	IS_AST_PARENT	
8912123	8912124	IS_AST_PARENT	
8912123	8912127	IS_AST_PARENT	
8912122	8912123	IS_AST_PARENT	
8911992	8912122	IS_AST_PARENT	
8912130	8912131	IS_AST_PARENT	
8912130	8912132	IS_AST_PARENT	
8912129	8912130	IS_AST_PARENT	
8912133	8912134	IS_AST_PARENT	
8912137	8912138	IS_AST_PARENT	
8912137	8912139	IS_AST_PARENT	
8912136	8912137	IS_AST_PARENT	
8912136	8912140	IS_AST_PARENT	
8912135	8912136	IS_AST_PARENT	
8912142	8912143	IS_AST_PARENT	
8912142	8912144	IS_AST_PARENT	
8912141	8912142	IS_AST_PARENT	
8912141	8912145	IS_AST_PARENT	
8912135	8912141	IS_AST_PARENT	
8912133	8912135	IS_AST_PARENT	
8912129	8912133	IS_AST_PARENT	
8912128	8912129	IS_AST_PARENT	
8911992	8912128	IS_AST_PARENT	
8912148	8912149	IS_AST_PARENT	
8912148	8912150	IS_AST_PARENT	
8912147	8912148	IS_AST_PARENT	
8912146	8912147	IS_AST_PARENT	
8912152	8912153	IS_AST_PARENT	
8912152	8912154	IS_AST_PARENT	
8912151	8912152	IS_AST_PARENT	
8912146	8912151	IS_AST_PARENT	
8912155	8912156	IS_AST_PARENT	
8912155	8912157	IS_AST_PARENT	
8912146	8912155	IS_AST_PARENT	
8912160	8912161	IS_AST_PARENT	
8912160	8912162	IS_AST_PARENT	
8912163	8912164	IS_AST_PARENT	
8912165	8912166	IS_AST_PARENT	
8912167	8912168	IS_AST_PARENT	
8912167	8912169	IS_AST_PARENT	
8912165	8912167	IS_AST_PARENT	
8912163	8912165	IS_AST_PARENT	
8912160	8912163	IS_AST_PARENT	
8912159	8912160	IS_AST_PARENT	
8912158	8912159	IS_AST_PARENT	
8912173	8912174	IS_AST_PARENT	
8912173	8912175	IS_AST_PARENT	
8912172	8912173	IS_AST_PARENT	
8912176	8912177	IS_AST_PARENT	
8912176	8912178	IS_AST_PARENT	
8912172	8912176	IS_AST_PARENT	
8912171	8912172	IS_AST_PARENT	
8912170	8912171	IS_AST_PARENT	
8912170	8912179	IS_AST_PARENT	
8912158	8912170	IS_AST_PARENT	
8912184	8912185	IS_AST_PARENT	
8912184	8912186	IS_AST_PARENT	
8912183	8912184	IS_AST_PARENT	
8912183	8912187	IS_AST_PARENT	
8912182	8912183	IS_AST_PARENT	
8912189	8912190	IS_AST_PARENT	
8912189	8912191	IS_AST_PARENT	
8912188	8912189	IS_AST_PARENT	
8912188	8912192	IS_AST_PARENT	
8912182	8912188	IS_AST_PARENT	
8912181	8912182	IS_AST_PARENT	
8912180	8912181	IS_AST_PARENT	
8912180	8912193	IS_AST_PARENT	
8912158	8912180	IS_AST_PARENT	
8912198	8912199	IS_AST_PARENT	
8912198	8912200	IS_AST_PARENT	
8912197	8912198	IS_AST_PARENT	
8912197	8912201	IS_AST_PARENT	
8912196	8912197	IS_AST_PARENT	
8912203	8912204	IS_AST_PARENT	
8912203	8912205	IS_AST_PARENT	
8912202	8912203	IS_AST_PARENT	
8912202	8912206	IS_AST_PARENT	
8912196	8912202	IS_AST_PARENT	
8912195	8912196	IS_AST_PARENT	
8912194	8912195	IS_AST_PARENT	
8912194	8912207	IS_AST_PARENT	
8912158	8912194	IS_AST_PARENT	
8912211	8912212	IS_AST_PARENT	
8912211	8912213	IS_AST_PARENT	
8912210	8912211	IS_AST_PARENT	
8912214	8912215	IS_AST_PARENT	
8912214	8912216	IS_AST_PARENT	
8912210	8912214	IS_AST_PARENT	
8912209	8912210	IS_AST_PARENT	
8912208	8912209	IS_AST_PARENT	
8912208	8912217	IS_AST_PARENT	
8912158	8912208	IS_AST_PARENT	
8912221	8912222	IS_AST_PARENT	
8912221	8912223	IS_AST_PARENT	
8912220	8912221	IS_AST_PARENT	
8912224	8912225	IS_AST_PARENT	
8912224	8912226	IS_AST_PARENT	
8912220	8912224	IS_AST_PARENT	
8912219	8912220	IS_AST_PARENT	
8912218	8912219	IS_AST_PARENT	
8912218	8912227	IS_AST_PARENT	
8912158	8912218	IS_AST_PARENT	
8912231	8912232	IS_AST_PARENT	
8912231	8912233	IS_AST_PARENT	
8912230	8912231	IS_AST_PARENT	
8912234	8912235	IS_AST_PARENT	
8912234	8912236	IS_AST_PARENT	
8912230	8912234	IS_AST_PARENT	
8912229	8912230	IS_AST_PARENT	
8912228	8912229	IS_AST_PARENT	
8912228	8912237	IS_AST_PARENT	
8912158	8912228	IS_AST_PARENT	
8912240	8912241	IS_AST_PARENT	
8912240	8912242	IS_AST_PARENT	
8912239	8912240	IS_AST_PARENT	
8912239	8912243	IS_AST_PARENT	
8912238	8912239	IS_AST_PARENT	
8912158	8912238	IS_AST_PARENT	
8912246	8912247	IS_AST_PARENT	
8912246	8912248	IS_AST_PARENT	
8912245	8912246	IS_AST_PARENT	
8912250	8912251	IS_AST_PARENT	
8912250	8912252	IS_AST_PARENT	
8912249	8912250	IS_AST_PARENT	
8912249	8912253	IS_AST_PARENT	
8912245	8912249	IS_AST_PARENT	
8912244	8912245	IS_AST_PARENT	
8912158	8912244	IS_AST_PARENT	
8912158	8912254	IS_AST_PARENT	
8912146	8912158	IS_AST_PARENT	
8911992	8912146	IS_AST_PARENT	
8912257	8912258	IS_AST_PARENT	
8912257	8912259	IS_AST_PARENT	
8912256	8912257	IS_AST_PARENT	
8912255	8912256	IS_AST_PARENT	
8912262	8912263	IS_AST_PARENT	
8912261	8912262	IS_AST_PARENT	
8912265	8912266	IS_AST_PARENT	
8912264	8912265	IS_AST_PARENT	
8912267	8912268	IS_AST_PARENT	
8912264	8912267	IS_AST_PARENT	
8912269	8912270	IS_AST_PARENT	
8912264	8912269	IS_AST_PARENT	
8912261	8912264	IS_AST_PARENT	
8912260	8912261	IS_AST_PARENT	
8912255	8912260	IS_AST_PARENT	
8911992	8912255	IS_AST_PARENT	
8912275	8912276	IS_AST_PARENT	
8912275	8912277	IS_AST_PARENT	
8912274	8912275	IS_AST_PARENT	
8912279	8912280	IS_AST_PARENT	
8912279	8912281	IS_AST_PARENT	
8912278	8912279	IS_AST_PARENT	
8912278	8912282	IS_AST_PARENT	
8912274	8912278	IS_AST_PARENT	
8912273	8912274	IS_AST_PARENT	
8912284	8912285	IS_AST_PARENT	
8912284	8912286	IS_AST_PARENT	
8912283	8912284	IS_AST_PARENT	
8912288	8912289	IS_AST_PARENT	
8912288	8912290	IS_AST_PARENT	
8912287	8912288	IS_AST_PARENT	
8912287	8912291	IS_AST_PARENT	
8912283	8912287	IS_AST_PARENT	
8912273	8912283	IS_AST_PARENT	
8912272	8912273	IS_AST_PARENT	
8912271	8912272	IS_AST_PARENT	
8912295	8912296	IS_AST_PARENT	
8912294	8912295	IS_AST_PARENT	
8912298	8912299	IS_AST_PARENT	
8912297	8912298	IS_AST_PARENT	
8912300	8912301	IS_AST_PARENT	
8912297	8912300	IS_AST_PARENT	
8912302	8912303	IS_AST_PARENT	
8912297	8912302	IS_AST_PARENT	
8912294	8912297	IS_AST_PARENT	
8912293	8912294	IS_AST_PARENT	
8912292	8912293	IS_AST_PARENT	
8912304	8912305	IS_AST_PARENT	
8912292	8912304	IS_AST_PARENT	
8912271	8912292	IS_AST_PARENT	
8911992	8912271	IS_AST_PARENT	
8912310	8912311	IS_AST_PARENT	
8912310	8912312	IS_AST_PARENT	
8912309	8912310	IS_AST_PARENT	
8912313	8912314	IS_AST_PARENT	
8912313	8912315	IS_AST_PARENT	
8912309	8912313	IS_AST_PARENT	
8912308	8912309	IS_AST_PARENT	
8912317	8912318	IS_AST_PARENT	
8912317	8912319	IS_AST_PARENT	
8912316	8912317	IS_AST_PARENT	
8912320	8912321	IS_AST_PARENT	
8912320	8912322	IS_AST_PARENT	
8912316	8912320	IS_AST_PARENT	
8912308	8912316	IS_AST_PARENT	
8912307	8912308	IS_AST_PARENT	
8912306	8912307	IS_AST_PARENT	
8912326	8912327	IS_AST_PARENT	
8912325	8912326	IS_AST_PARENT	
8912329	8912330	IS_AST_PARENT	
8912328	8912329	IS_AST_PARENT	
8912331	8912332	IS_AST_PARENT	
8912328	8912331	IS_AST_PARENT	
8912333	8912334	IS_AST_PARENT	
8912328	8912333	IS_AST_PARENT	
8912325	8912328	IS_AST_PARENT	
8912324	8912325	IS_AST_PARENT	
8912323	8912324	IS_AST_PARENT	
8912335	8912336	IS_AST_PARENT	
8912323	8912335	IS_AST_PARENT	
8912306	8912323	IS_AST_PARENT	
8911992	8912306	IS_AST_PARENT	
8912340	8912341	IS_AST_PARENT	
8912340	8912342	IS_AST_PARENT	
8912339	8912340	IS_AST_PARENT	
8912339	8912343	IS_AST_PARENT	
8912338	8912339	IS_AST_PARENT	
8912337	8912338	IS_AST_PARENT	
8912348	8912349	IS_AST_PARENT	
8912348	8912350	IS_AST_PARENT	
8912347	8912348	IS_AST_PARENT	
8912347	8912351	IS_AST_PARENT	
8912346	8912347	IS_AST_PARENT	
8912345	8912346	IS_AST_PARENT	
8912355	8912356	IS_AST_PARENT	
8912355	8912357	IS_AST_PARENT	
8912354	8912355	IS_AST_PARENT	
8912359	8912360	IS_AST_PARENT	
8912359	8912361	IS_AST_PARENT	
8912358	8912359	IS_AST_PARENT	
8912358	8912362	IS_AST_PARENT	
8912354	8912358	IS_AST_PARENT	
8912353	8912354	IS_AST_PARENT	
8912352	8912353	IS_AST_PARENT	
8912365	8912366	IS_AST_PARENT	
8912364	8912365	IS_AST_PARENT	
8912368	8912369	IS_AST_PARENT	
8912367	8912368	IS_AST_PARENT	
8912370	8912371	IS_AST_PARENT	
8912367	8912370	IS_AST_PARENT	
8912372	8912373	IS_AST_PARENT	
8912367	8912372	IS_AST_PARENT	
8912364	8912367	IS_AST_PARENT	
8912363	8912364	IS_AST_PARENT	
8912352	8912363	IS_AST_PARENT	
8912345	8912352	IS_AST_PARENT	
8912375	8912376	IS_AST_PARENT	
8912375	8912377	IS_AST_PARENT	
8912375	8912378	IS_AST_PARENT	
8912375	8912379	IS_AST_PARENT	
8912375	8912380	IS_AST_PARENT	
8912375	8912381	IS_AST_PARENT	
8912375	8912382	IS_AST_PARENT	
8912375	8912383	IS_AST_PARENT	
8912375	8912384	IS_AST_PARENT	
8912375	8912385	IS_AST_PARENT	
8912386	8912387	IS_AST_PARENT	
8912375	8912386	IS_AST_PARENT	
8912374	8912375	IS_AST_PARENT	
8912345	8912374	IS_AST_PARENT	
8912344	8912345	IS_AST_PARENT	
8912337	8912344	IS_AST_PARENT	
8912392	8912393	IS_AST_PARENT	
8912391	8912392	IS_AST_PARENT	
8912395	8912396	IS_AST_PARENT	
8912394	8912395	IS_AST_PARENT	
8912397	8912398	IS_AST_PARENT	
8912394	8912397	IS_AST_PARENT	
8912399	8912400	IS_AST_PARENT	
8912394	8912399	IS_AST_PARENT	
8912402	8912403	IS_AST_PARENT	
8912402	8912404	IS_AST_PARENT	
8912401	8912402	IS_AST_PARENT	
8912394	8912401	IS_AST_PARENT	
8912407	8912408	IS_AST_PARENT	
8912409	8912410	IS_AST_PARENT	
8912409	8912411	IS_AST_PARENT	
8912407	8912409	IS_AST_PARENT	
8912406	8912407	IS_AST_PARENT	
8912406	8912412	IS_AST_PARENT	
8912405	8912406	IS_AST_PARENT	
8912394	8912405	IS_AST_PARENT	
8912391	8912394	IS_AST_PARENT	
8912390	8912391	IS_AST_PARENT	
8912389	8912390	IS_AST_PARENT	
8912388	8912389	IS_AST_PARENT	
8912337	8912388	IS_AST_PARENT	
8911992	8912337	IS_AST_PARENT	
8912414	8912415	IS_AST_PARENT	
8912417	8912418	IS_AST_PARENT	
8912416	8912417	IS_AST_PARENT	
8912421	8912422	IS_AST_PARENT	
8912421	8912423	IS_AST_PARENT	
8912420	8912421	IS_AST_PARENT	
8912419	8912420	IS_AST_PARENT	
8912425	8912426	IS_AST_PARENT	
8912427	8912428	IS_AST_PARENT	
8912427	8912429	IS_AST_PARENT	
8912425	8912427	IS_AST_PARENT	
8912424	8912425	IS_AST_PARENT	
8912419	8912424	IS_AST_PARENT	
8912431	8912432	IS_AST_PARENT	
8912433	8912434	IS_AST_PARENT	
8912433	8912435	IS_AST_PARENT	
8912431	8912433	IS_AST_PARENT	
8912430	8912431	IS_AST_PARENT	
8912419	8912430	IS_AST_PARENT	
8912416	8912419	IS_AST_PARENT	
8912414	8912416	IS_AST_PARENT	
8912413	8912414	IS_AST_PARENT	
8911992	8912413	IS_AST_PARENT	
8912437	8912438	IS_AST_PARENT	
8912436	8912437	IS_AST_PARENT	
8912439	8912440	IS_AST_PARENT	
8912436	8912439	IS_AST_PARENT	
8911992	8912436	IS_AST_PARENT	
8912444	8912445	IS_AST_PARENT	
8912444	8912446	IS_AST_PARENT	
8912443	8912444	IS_AST_PARENT	
8912448	8912449	IS_AST_PARENT	
8912448	8912450	IS_AST_PARENT	
8912447	8912448	IS_AST_PARENT	
8912447	8912451	IS_AST_PARENT	
8912443	8912447	IS_AST_PARENT	
8912442	8912443	IS_AST_PARENT	
8912441	8912442	IS_AST_PARENT	
8912455	8912456	IS_AST_PARENT	
8912455	8912457	IS_AST_PARENT	
8912454	8912455	IS_AST_PARENT	
8912454	8912458	IS_AST_PARENT	
8912453	8912454	IS_AST_PARENT	
8912452	8912453	IS_AST_PARENT	
8912461	8912462	IS_AST_PARENT	
8912461	8912463	IS_AST_PARENT	
8912460	8912461	IS_AST_PARENT	
8912460	8912464	IS_AST_PARENT	
8912459	8912460	IS_AST_PARENT	
8912452	8912459	IS_AST_PARENT	
8912467	8912468	IS_AST_PARENT	
8912467	8912469	IS_AST_PARENT	
8912466	8912467	IS_AST_PARENT	
8912466	8912470	IS_AST_PARENT	
8912465	8912466	IS_AST_PARENT	
8912452	8912465	IS_AST_PARENT	
8912441	8912452	IS_AST_PARENT	
8912475	8912476	IS_AST_PARENT	
8912475	8912477	IS_AST_PARENT	
8912474	8912475	IS_AST_PARENT	
8912480	8912481	IS_AST_PARENT	
8912480	8912482	IS_AST_PARENT	
8912479	8912480	IS_AST_PARENT	
8912479	8912483	IS_AST_PARENT	
8912478	8912479	IS_AST_PARENT	
8912485	8912486	IS_AST_PARENT	
8912485	8912487	IS_AST_PARENT	
8912484	8912485	IS_AST_PARENT	
8912484	8912488	IS_AST_PARENT	
8912478	8912484	IS_AST_PARENT	
8912474	8912478	IS_AST_PARENT	
8912473	8912474	IS_AST_PARENT	
8912472	8912473	IS_AST_PARENT	
8912492	8912493	IS_AST_PARENT	
8912492	8912494	IS_AST_PARENT	
8912491	8912492	IS_AST_PARENT	
8912491	8912495	IS_AST_PARENT	
8912490	8912491	IS_AST_PARENT	
8912489	8912490	IS_AST_PARENT	
8912498	8912499	IS_AST_PARENT	
8912498	8912500	IS_AST_PARENT	
8912497	8912498	IS_AST_PARENT	
8912497	8912501	IS_AST_PARENT	
8912496	8912497	IS_AST_PARENT	
8912489	8912496	IS_AST_PARENT	
8912504	8912505	IS_AST_PARENT	
8912504	8912506	IS_AST_PARENT	
8912503	8912504	IS_AST_PARENT	
8912503	8912507	IS_AST_PARENT	
8912502	8912503	IS_AST_PARENT	
8912489	8912502	IS_AST_PARENT	
8912472	8912489	IS_AST_PARENT	
8912511	8912512	IS_AST_PARENT	
8912511	8912513	IS_AST_PARENT	
8912510	8912511	IS_AST_PARENT	
8912509	8912510	IS_AST_PARENT	
8912517	8912518	IS_AST_PARENT	
8912517	8912519	IS_AST_PARENT	
8912516	8912517	IS_AST_PARENT	
8912516	8912520	IS_AST_PARENT	
8912515	8912516	IS_AST_PARENT	
8912514	8912515	IS_AST_PARENT	
8912523	8912524	IS_AST_PARENT	
8912523	8912525	IS_AST_PARENT	
8912522	8912523	IS_AST_PARENT	
8912522	8912526	IS_AST_PARENT	
8912521	8912522	IS_AST_PARENT	
8912514	8912521	IS_AST_PARENT	
8912529	8912530	IS_AST_PARENT	
8912529	8912531	IS_AST_PARENT	
8912528	8912529	IS_AST_PARENT	
8912528	8912532	IS_AST_PARENT	
8912527	8912528	IS_AST_PARENT	
8912514	8912527	IS_AST_PARENT	
8912509	8912514	IS_AST_PARENT	
8912537	8912538	IS_AST_PARENT	
8912537	8912539	IS_AST_PARENT	
8912536	8912537	IS_AST_PARENT	
8912536	8912540	IS_AST_PARENT	
8912535	8912536	IS_AST_PARENT	
8912534	8912535	IS_AST_PARENT	
8912543	8912544	IS_AST_PARENT	
8912543	8912545	IS_AST_PARENT	
8912542	8912543	IS_AST_PARENT	
8912542	8912546	IS_AST_PARENT	
8912541	8912542	IS_AST_PARENT	
8912534	8912541	IS_AST_PARENT	
8912549	8912550	IS_AST_PARENT	
8912549	8912551	IS_AST_PARENT	
8912548	8912549	IS_AST_PARENT	
8912548	8912552	IS_AST_PARENT	
8912547	8912548	IS_AST_PARENT	
8912534	8912547	IS_AST_PARENT	
8912533	8912534	IS_AST_PARENT	
8912509	8912533	IS_AST_PARENT	
8912508	8912509	IS_AST_PARENT	
8912472	8912508	IS_AST_PARENT	
8912471	8912472	IS_AST_PARENT	
8912441	8912471	IS_AST_PARENT	
8911992	8912441	IS_AST_PARENT	
8912555	8912556	IS_AST_PARENT	
8912555	8912557	IS_AST_PARENT	
8912554	8912555	IS_AST_PARENT	
8912553	8912554	IS_AST_PARENT	
8912559	8912560	IS_AST_PARENT	
8912559	8912561	IS_AST_PARENT	
8912558	8912559	IS_AST_PARENT	
8912553	8912558	IS_AST_PARENT	
8912562	8912563	IS_AST_PARENT	
8912562	8912564	IS_AST_PARENT	
8912553	8912562	IS_AST_PARENT	
8912567	8912568	IS_AST_PARENT	
8912567	8912569	IS_AST_PARENT	
8912566	8912567	IS_AST_PARENT	
8912570	8912571	IS_AST_PARENT	
8912570	8912572	IS_AST_PARENT	
8912566	8912570	IS_AST_PARENT	
8912565	8912566	IS_AST_PARENT	
8912574	8912575	IS_AST_PARENT	
8912576	8912577	IS_AST_PARENT	
8912579	8912580	IS_AST_PARENT	
8912579	8912581	IS_AST_PARENT	
8912578	8912579	IS_AST_PARENT	
8912578	8912582	IS_AST_PARENT	
8912576	8912578	IS_AST_PARENT	
8912574	8912576	IS_AST_PARENT	
8912573	8912574	IS_AST_PARENT	
8912565	8912573	IS_AST_PARENT	
8912585	8912586	IS_AST_PARENT	
8912585	8912587	IS_AST_PARENT	
8912584	8912585	IS_AST_PARENT	
8912589	8912590	IS_AST_PARENT	
8912589	8912591	IS_AST_PARENT	
8912588	8912589	IS_AST_PARENT	
8912593	8912594	IS_AST_PARENT	
8912592	8912593	IS_AST_PARENT	
8912595	8912596	IS_AST_PARENT	
8912595	8912597	IS_AST_PARENT	
8912592	8912595	IS_AST_PARENT	
8912592	8912598	IS_AST_PARENT	
8912588	8912592	IS_AST_PARENT	
8912584	8912588	IS_AST_PARENT	
8912583	8912584	IS_AST_PARENT	
8912565	8912583	IS_AST_PARENT	
8912601	8912602	IS_AST_PARENT	
8912601	8912603	IS_AST_PARENT	
8912600	8912601	IS_AST_PARENT	
8912605	8912606	IS_AST_PARENT	
8912605	8912607	IS_AST_PARENT	
8912604	8912605	IS_AST_PARENT	
8912609	8912610	IS_AST_PARENT	
8912608	8912609	IS_AST_PARENT	
8912611	8912612	IS_AST_PARENT	
8912611	8912613	IS_AST_PARENT	
8912608	8912611	IS_AST_PARENT	
8912608	8912614	IS_AST_PARENT	
8912604	8912608	IS_AST_PARENT	
8912600	8912604	IS_AST_PARENT	
8912599	8912600	IS_AST_PARENT	
8912565	8912599	IS_AST_PARENT	
8912617	8912618	IS_AST_PARENT	
8912617	8912619	IS_AST_PARENT	
8912616	8912617	IS_AST_PARENT	
8912615	8912616	IS_AST_PARENT	
8912622	8912623	IS_AST_PARENT	
8912622	8912624	IS_AST_PARENT	
8912621	8912622	IS_AST_PARENT	
8912621	8912625	IS_AST_PARENT	
8912620	8912621	IS_AST_PARENT	
8912615	8912620	IS_AST_PARENT	
8912565	8912615	IS_AST_PARENT	
8912628	8912629	IS_AST_PARENT	
8912628	8912630	IS_AST_PARENT	
8912627	8912628	IS_AST_PARENT	
8912631	8912632	IS_AST_PARENT	
8912634	8912635	IS_AST_PARENT	
8912633	8912634	IS_AST_PARENT	
8912638	8912639	IS_AST_PARENT	
8912638	8912640	IS_AST_PARENT	
8912637	8912638	IS_AST_PARENT	
8912636	8912637	IS_AST_PARENT	
8912642	8912643	IS_AST_PARENT	
8912644	8912645	IS_AST_PARENT	
8912644	8912646	IS_AST_PARENT	
8912642	8912644	IS_AST_PARENT	
8912641	8912642	IS_AST_PARENT	
8912636	8912641	IS_AST_PARENT	
8912633	8912636	IS_AST_PARENT	
8912631	8912633	IS_AST_PARENT	
8912627	8912631	IS_AST_PARENT	
8912626	8912627	IS_AST_PARENT	
8912565	8912626	IS_AST_PARENT	
8912649	8912650	IS_AST_PARENT	
8912649	8912651	IS_AST_PARENT	
8912648	8912649	IS_AST_PARENT	
8912652	8912653	IS_AST_PARENT	
8912655	8912656	IS_AST_PARENT	
8912654	8912655	IS_AST_PARENT	
8912659	8912660	IS_AST_PARENT	
8912659	8912661	IS_AST_PARENT	
8912658	8912659	IS_AST_PARENT	
8912657	8912658	IS_AST_PARENT	
8912663	8912664	IS_AST_PARENT	
8912665	8912666	IS_AST_PARENT	
8912665	8912667	IS_AST_PARENT	
8912663	8912665	IS_AST_PARENT	
8912662	8912663	IS_AST_PARENT	
8912657	8912662	IS_AST_PARENT	
8912654	8912657	IS_AST_PARENT	
8912652	8912654	IS_AST_PARENT	
8912648	8912652	IS_AST_PARENT	
8912647	8912648	IS_AST_PARENT	
8912565	8912647	IS_AST_PARENT	
8912670	8912671	IS_AST_PARENT	
8912670	8912672	IS_AST_PARENT	
8912669	8912670	IS_AST_PARENT	
8912674	8912675	IS_AST_PARENT	
8912673	8912674	IS_AST_PARENT	
8912678	8912679	IS_AST_PARENT	
8912678	8912680	IS_AST_PARENT	
8912677	8912678	IS_AST_PARENT	
8912676	8912677	IS_AST_PARENT	
8912681	8912682	IS_AST_PARENT	
8912676	8912681	IS_AST_PARENT	
8912673	8912676	IS_AST_PARENT	
8912669	8912673	IS_AST_PARENT	
8912668	8912669	IS_AST_PARENT	
8912565	8912668	IS_AST_PARENT	
8912685	8912686	IS_AST_PARENT	
8912685	8912687	IS_AST_PARENT	
8912684	8912685	IS_AST_PARENT	
8912689	8912690	IS_AST_PARENT	
8912688	8912689	IS_AST_PARENT	
8912694	8912695	IS_AST_PARENT	
8912694	8912696	IS_AST_PARENT	
8912693	8912694	IS_AST_PARENT	
8912698	8912699	IS_AST_PARENT	
8912698	8912700	IS_AST_PARENT	
8912697	8912698	IS_AST_PARENT	
8912701	8912702	IS_AST_PARENT	
8912701	8912703	IS_AST_PARENT	
8912697	8912701	IS_AST_PARENT	
8912693	8912697	IS_AST_PARENT	
8912692	8912693	IS_AST_PARENT	
8912691	8912692	IS_AST_PARENT	
8912688	8912691	IS_AST_PARENT	
8912684	8912688	IS_AST_PARENT	
8912683	8912684	IS_AST_PARENT	
8912565	8912683	IS_AST_PARENT	
8912706	8912707	IS_AST_PARENT	
8912708	8912709	IS_AST_PARENT	
8912708	8912710	IS_AST_PARENT	
8912706	8912708	IS_AST_PARENT	
8912705	8912706	IS_AST_PARENT	
8912704	8912705	IS_AST_PARENT	
8912711	8912712	IS_AST_PARENT	
8912704	8912711	IS_AST_PARENT	
8912565	8912704	IS_AST_PARENT	
8912715	8912716	IS_AST_PARENT	
8912718	8912719	IS_AST_PARENT	
8912718	8912720	IS_AST_PARENT	
8912717	8912718	IS_AST_PARENT	
8912717	8912721	IS_AST_PARENT	
8912715	8912717	IS_AST_PARENT	
8912714	8912715	IS_AST_PARENT	
8912713	8912714	IS_AST_PARENT	
8912723	8912724	IS_AST_PARENT	
8912723	8912725	IS_AST_PARENT	
8912722	8912723	IS_AST_PARENT	
8912713	8912722	IS_AST_PARENT	
8912726	8912727	IS_AST_PARENT	
8912726	8912728	IS_AST_PARENT	
8912713	8912726	IS_AST_PARENT	
8912731	8912732	IS_AST_PARENT	
8912733	8912734	IS_AST_PARENT	
8912733	8912735	IS_AST_PARENT	
8912731	8912733	IS_AST_PARENT	
8912730	8912731	IS_AST_PARENT	
8912729	8912730	IS_AST_PARENT	
8912737	8912738	IS_AST_PARENT	
8912739	8912740	IS_AST_PARENT	
8912739	8912741	IS_AST_PARENT	
8912737	8912739	IS_AST_PARENT	
8912736	8912737	IS_AST_PARENT	
8912729	8912736	IS_AST_PARENT	
8912744	8912745	IS_AST_PARENT	
8912744	8912746	IS_AST_PARENT	
8912743	8912744	IS_AST_PARENT	
8912742	8912743	IS_AST_PARENT	
8912748	8912749	IS_AST_PARENT	
8912748	8912750	IS_AST_PARENT	
8912747	8912748	IS_AST_PARENT	
8912742	8912747	IS_AST_PARENT	
8912751	8912752	IS_AST_PARENT	
8912751	8912753	IS_AST_PARENT	
8912742	8912751	IS_AST_PARENT	
8912756	8912757	IS_AST_PARENT	
8912758	8912759	IS_AST_PARENT	
8912762	8912763	IS_AST_PARENT	
8912762	8912764	IS_AST_PARENT	
8912761	8912762	IS_AST_PARENT	
8912761	8912765	IS_AST_PARENT	
8912760	8912761	IS_AST_PARENT	
8912760	8912766	IS_AST_PARENT	
8912758	8912760	IS_AST_PARENT	
8912756	8912758	IS_AST_PARENT	
8912755	8912756	IS_AST_PARENT	
8912754	8912755	IS_AST_PARENT	
8912769	8912770	IS_AST_PARENT	
8912769	8912771	IS_AST_PARENT	
8912768	8912769	IS_AST_PARENT	
8912768	8912772	IS_AST_PARENT	
8912767	8912768	IS_AST_PARENT	
8912754	8912767	IS_AST_PARENT	
8912775	8912776	IS_AST_PARENT	
8912775	8912777	IS_AST_PARENT	
8912774	8912775	IS_AST_PARENT	
8912774	8912778	IS_AST_PARENT	
8912773	8912774	IS_AST_PARENT	
8912754	8912773	IS_AST_PARENT	
8912781	8912782	IS_AST_PARENT	
8912781	8912783	IS_AST_PARENT	
8912780	8912781	IS_AST_PARENT	
8912784	8912785	IS_AST_PARENT	
8912784	8912786	IS_AST_PARENT	
8912780	8912784	IS_AST_PARENT	
8912779	8912780	IS_AST_PARENT	
8912754	8912779	IS_AST_PARENT	
8912788	8912789	IS_AST_PARENT	
8912792	8912793	IS_AST_PARENT	
8912792	8912794	IS_AST_PARENT	
8912791	8912792	IS_AST_PARENT	
8912796	8912797	IS_AST_PARENT	
8912796	8912798	IS_AST_PARENT	
8912795	8912796	IS_AST_PARENT	
8912799	8912800	IS_AST_PARENT	
8912799	8912801	IS_AST_PARENT	
8912795	8912799	IS_AST_PARENT	
8912791	8912795	IS_AST_PARENT	
8912790	8912791	IS_AST_PARENT	
8912803	8912804	IS_AST_PARENT	
8912803	8912805	IS_AST_PARENT	
8912802	8912803	IS_AST_PARENT	
8912806	8912807	IS_AST_PARENT	
8912806	8912808	IS_AST_PARENT	
8912802	8912806	IS_AST_PARENT	
8912790	8912802	IS_AST_PARENT	
8912788	8912790	IS_AST_PARENT	
8912787	8912788	IS_AST_PARENT	
8912754	8912787	IS_AST_PARENT	
8912811	8912812	IS_AST_PARENT	
8912811	8912813	IS_AST_PARENT	
8912810	8912811	IS_AST_PARENT	
8912815	8912816	IS_AST_PARENT	
8912815	8912817	IS_AST_PARENT	
8912814	8912815	IS_AST_PARENT	
8912814	8912818	IS_AST_PARENT	
8912810	8912814	IS_AST_PARENT	
8912809	8912810	IS_AST_PARENT	
8912754	8912809	IS_AST_PARENT	
8912742	8912754	IS_AST_PARENT	
8912729	8912742	IS_AST_PARENT	
8912713	8912729	IS_AST_PARENT	
8912565	8912713	IS_AST_PARENT	
8912822	8912823	IS_AST_PARENT	
8912821	8912822	IS_AST_PARENT	
8912826	8912827	IS_AST_PARENT	
8912830	8912831	IS_AST_PARENT	
8912830	8912832	IS_AST_PARENT	
8912829	8912830	IS_AST_PARENT	
8912829	8912833	IS_AST_PARENT	
8912828	8912829	IS_AST_PARENT	
8912828	8912834	IS_AST_PARENT	
8912826	8912828	IS_AST_PARENT	
8912825	8912826	IS_AST_PARENT	
8912824	8912825	IS_AST_PARENT	
8912838	8912839	IS_AST_PARENT	
8912838	8912840	IS_AST_PARENT	
8912837	8912838	IS_AST_PARENT	
8912837	8912841	IS_AST_PARENT	
8912836	8912837	IS_AST_PARENT	
8912836	8912842	IS_AST_PARENT	
8912835	8912836	IS_AST_PARENT	
8912824	8912835	IS_AST_PARENT	
8912846	8912847	IS_AST_PARENT	
8912846	8912848	IS_AST_PARENT	
8912845	8912846	IS_AST_PARENT	
8912845	8912849	IS_AST_PARENT	
8912844	8912845	IS_AST_PARENT	
8912844	8912850	IS_AST_PARENT	
8912843	8912844	IS_AST_PARENT	
8912824	8912843	IS_AST_PARENT	
8912821	8912824	IS_AST_PARENT	
8912820	8912821	IS_AST_PARENT	
8912819	8912820	IS_AST_PARENT	
8912851	8912852	IS_AST_PARENT	
8912819	8912851	IS_AST_PARENT	
8912565	8912819	IS_AST_PARENT	
8912553	8912565	IS_AST_PARENT	
8911992	8912553	IS_AST_PARENT	
8912855	8912856	IS_AST_PARENT	
8912855	8912857	IS_AST_PARENT	
8912854	8912855	IS_AST_PARENT	
8912861	8912862	IS_AST_PARENT	
8912861	8912863	IS_AST_PARENT	
8912860	8912861	IS_AST_PARENT	
8912860	8912864	IS_AST_PARENT	
8912859	8912860	IS_AST_PARENT	
8912859	8912865	IS_AST_PARENT	
8912858	8912859	IS_AST_PARENT	
8912866	8912867	IS_AST_PARENT	
8912866	8912868	IS_AST_PARENT	
8912858	8912866	IS_AST_PARENT	
8912854	8912858	IS_AST_PARENT	
8912853	8912854	IS_AST_PARENT	
8911992	8912853	IS_AST_PARENT	
8912871	8912872	IS_AST_PARENT	
8912871	8912873	IS_AST_PARENT	
8912870	8912871	IS_AST_PARENT	
8912877	8912878	IS_AST_PARENT	
8912877	8912879	IS_AST_PARENT	
8912876	8912877	IS_AST_PARENT	
8912876	8912880	IS_AST_PARENT	
8912875	8912876	IS_AST_PARENT	
8912875	8912881	IS_AST_PARENT	
8912874	8912875	IS_AST_PARENT	
8912882	8912883	IS_AST_PARENT	
8912882	8912884	IS_AST_PARENT	
8912874	8912882	IS_AST_PARENT	
8912870	8912874	IS_AST_PARENT	
8912869	8912870	IS_AST_PARENT	
8911992	8912869	IS_AST_PARENT	
8912887	8912888	IS_AST_PARENT	
8912887	8912889	IS_AST_PARENT	
8912886	8912887	IS_AST_PARENT	
8912891	8912892	IS_AST_PARENT	
8912890	8912891	IS_AST_PARENT	
8912896	8912897	IS_AST_PARENT	
8912896	8912898	IS_AST_PARENT	
8912895	8912896	IS_AST_PARENT	
8912899	8912900	IS_AST_PARENT	
8912899	8912901	IS_AST_PARENT	
8912895	8912899	IS_AST_PARENT	
8912894	8912895	IS_AST_PARENT	
8912893	8912894	IS_AST_PARENT	
8912903	8912904	IS_AST_PARENT	
8912903	8912905	IS_AST_PARENT	
8912902	8912903	IS_AST_PARENT	
8912893	8912902	IS_AST_PARENT	
8912890	8912893	IS_AST_PARENT	
8912886	8912890	IS_AST_PARENT	
8912885	8912886	IS_AST_PARENT	
8911992	8912885	IS_AST_PARENT	
8912908	8912909	IS_AST_PARENT	
8912910	8912911	IS_AST_PARENT	
8912910	8912912	IS_AST_PARENT	
8912908	8912910	IS_AST_PARENT	
8912907	8912908	IS_AST_PARENT	
8912906	8912907	IS_AST_PARENT	
8912913	8912914	IS_AST_PARENT	
8912906	8912913	IS_AST_PARENT	
8911992	8912906	IS_AST_PARENT	
8912917	8912918	IS_AST_PARENT	
8912917	8912919	IS_AST_PARENT	
8912916	8912917	IS_AST_PARENT	
8912921	8912922	IS_AST_PARENT	
8912920	8912921	IS_AST_PARENT	
8912925	8912926	IS_AST_PARENT	
8912929	8912930	IS_AST_PARENT	
8912929	8912931	IS_AST_PARENT	
8912928	8912929	IS_AST_PARENT	
8912928	8912932	IS_AST_PARENT	
8912927	8912928	IS_AST_PARENT	
8912933	8912934	IS_AST_PARENT	
8912935	8912936	IS_AST_PARENT	
8912937	8912938	IS_AST_PARENT	
8912937	8912939	IS_AST_PARENT	
8912935	8912937	IS_AST_PARENT	
8912933	8912935	IS_AST_PARENT	
8912927	8912933	IS_AST_PARENT	
8912925	8912927	IS_AST_PARENT	
8912924	8912925	IS_AST_PARENT	
8912923	8912924	IS_AST_PARENT	
8912920	8912923	IS_AST_PARENT	
8912916	8912920	IS_AST_PARENT	
8912915	8912916	IS_AST_PARENT	
8911992	8912915	IS_AST_PARENT	
8912942	8912943	IS_AST_PARENT	
8912944	8912945	IS_AST_PARENT	
8912944	8912946	IS_AST_PARENT	
8912942	8912944	IS_AST_PARENT	
8912941	8912942	IS_AST_PARENT	
8912940	8912941	IS_AST_PARENT	
8912947	8912948	IS_AST_PARENT	
8912940	8912947	IS_AST_PARENT	
8911992	8912940	IS_AST_PARENT	
8912951	8912952	IS_AST_PARENT	
8912951	8912953	IS_AST_PARENT	
8912950	8912951	IS_AST_PARENT	
8912955	8912956	IS_AST_PARENT	
8912954	8912955	IS_AST_PARENT	
8912959	8912960	IS_AST_PARENT	
8912963	8912964	IS_AST_PARENT	
8912963	8912965	IS_AST_PARENT	
8912962	8912963	IS_AST_PARENT	
8912962	8912966	IS_AST_PARENT	
8912961	8912962	IS_AST_PARENT	
8912967	8912968	IS_AST_PARENT	
8912969	8912970	IS_AST_PARENT	
8912971	8912972	IS_AST_PARENT	
8912971	8912973	IS_AST_PARENT	
8912969	8912971	IS_AST_PARENT	
8912967	8912969	IS_AST_PARENT	
8912961	8912967	IS_AST_PARENT	
8912959	8912961	IS_AST_PARENT	
8912958	8912959	IS_AST_PARENT	
8912957	8912958	IS_AST_PARENT	
8912954	8912957	IS_AST_PARENT	
8912950	8912954	IS_AST_PARENT	
8912949	8912950	IS_AST_PARENT	
8911992	8912949	IS_AST_PARENT	
8912976	8912977	IS_AST_PARENT	
8912978	8912979	IS_AST_PARENT	
8912978	8912980	IS_AST_PARENT	
8912976	8912978	IS_AST_PARENT	
8912975	8912976	IS_AST_PARENT	
8912974	8912975	IS_AST_PARENT	
8912981	8912982	IS_AST_PARENT	
8912974	8912981	IS_AST_PARENT	
8911992	8912974	IS_AST_PARENT	
8912985	8912986	IS_AST_PARENT	
8912985	8912987	IS_AST_PARENT	
8912984	8912985	IS_AST_PARENT	
8912983	8912984	IS_AST_PARENT	
8912989	8912990	IS_AST_PARENT	
8912991	8912992	IS_AST_PARENT	
8912991	8912993	IS_AST_PARENT	
8912989	8912991	IS_AST_PARENT	
8912988	8912989	IS_AST_PARENT	
8912983	8912988	IS_AST_PARENT	
8912994	8912995	IS_AST_PARENT	
8912994	8912996	IS_AST_PARENT	
8912983	8912994	IS_AST_PARENT	
8912999	8913000	IS_AST_PARENT	
8912999	8913001	IS_AST_PARENT	
8913002	8913003	IS_AST_PARENT	
8913004	8913005	IS_AST_PARENT	
8913007	8913008	IS_AST_PARENT	
8913007	8913009	IS_AST_PARENT	
8913006	8913007	IS_AST_PARENT	
8913010	8913011	IS_AST_PARENT	
8913010	8913012	IS_AST_PARENT	
8913006	8913010	IS_AST_PARENT	
8913004	8913006	IS_AST_PARENT	
8913002	8913004	IS_AST_PARENT	
8912999	8913002	IS_AST_PARENT	
8912998	8912999	IS_AST_PARENT	
8912997	8912998	IS_AST_PARENT	
8913014	8913015	IS_AST_PARENT	
8913014	8913016	IS_AST_PARENT	
8913017	8913018	IS_AST_PARENT	
8913019	8913020	IS_AST_PARENT	
8913022	8913023	IS_AST_PARENT	
8913022	8913024	IS_AST_PARENT	
8913021	8913022	IS_AST_PARENT	
8913025	8913026	IS_AST_PARENT	
8913025	8913027	IS_AST_PARENT	
8913021	8913025	IS_AST_PARENT	
8913019	8913021	IS_AST_PARENT	
8913017	8913019	IS_AST_PARENT	
8913014	8913017	IS_AST_PARENT	
8913013	8913014	IS_AST_PARENT	
8912997	8913013	IS_AST_PARENT	
8913030	8913031	IS_AST_PARENT	
8913030	8913032	IS_AST_PARENT	
8913029	8913030	IS_AST_PARENT	
8913028	8913029	IS_AST_PARENT	
8913034	8913035	IS_AST_PARENT	
8913034	8913036	IS_AST_PARENT	
8913033	8913034	IS_AST_PARENT	
8913028	8913033	IS_AST_PARENT	
8913037	8913038	IS_AST_PARENT	
8913037	8913039	IS_AST_PARENT	
8913028	8913037	IS_AST_PARENT	
8913043	8913044	IS_AST_PARENT	
8913042	8913043	IS_AST_PARENT	
8913048	8913049	IS_AST_PARENT	
8913047	8913048	IS_AST_PARENT	
8913051	8913052	IS_AST_PARENT	
8913050	8913051	IS_AST_PARENT	
8913054	8913055	IS_AST_PARENT	
8913054	8913056	IS_AST_PARENT	
8913053	8913054	IS_AST_PARENT	
8913050	8913053	IS_AST_PARENT	
8913047	8913050	IS_AST_PARENT	
8913046	8913047	IS_AST_PARENT	
8913045	8913046	IS_AST_PARENT	
8913058	8913059	IS_AST_PARENT	
8913060	8913061	IS_AST_PARENT	
8913060	8913062	IS_AST_PARENT	
8913058	8913060	IS_AST_PARENT	
8913057	8913058	IS_AST_PARENT	
8913045	8913057	IS_AST_PARENT	
8913064	8913065	IS_AST_PARENT	
8913066	8913067	IS_AST_PARENT	
8913066	8913068	IS_AST_PARENT	
8913064	8913066	IS_AST_PARENT	
8913063	8913064	IS_AST_PARENT	
8913045	8913063	IS_AST_PARENT	
8913042	8913045	IS_AST_PARENT	
8913041	8913042	IS_AST_PARENT	
8913040	8913041	IS_AST_PARENT	
8913072	8913073	IS_AST_PARENT	
8913072	8913074	IS_AST_PARENT	
8913071	8913072	IS_AST_PARENT	
8913071	8913075	IS_AST_PARENT	
8913070	8913071	IS_AST_PARENT	
8913069	8913070	IS_AST_PARENT	
8913079	8913080	IS_AST_PARENT	
8913079	8913081	IS_AST_PARENT	
8913078	8913079	IS_AST_PARENT	
8913078	8913082	IS_AST_PARENT	
8913077	8913078	IS_AST_PARENT	
8913076	8913077	IS_AST_PARENT	
8913085	8913086	IS_AST_PARENT	
8913085	8913087	IS_AST_PARENT	
8913084	8913085	IS_AST_PARENT	
8913084	8913088	IS_AST_PARENT	
8913083	8913084	IS_AST_PARENT	
8913076	8913083	IS_AST_PARENT	
8913069	8913076	IS_AST_PARENT	
8913093	8913094	IS_AST_PARENT	
8913093	8913095	IS_AST_PARENT	
8913092	8913093	IS_AST_PARENT	
8913092	8913096	IS_AST_PARENT	
8913091	8913092	IS_AST_PARENT	
8913090	8913091	IS_AST_PARENT	
8913089	8913090	IS_AST_PARENT	
8913069	8913089	IS_AST_PARENT	
8913040	8913069	IS_AST_PARENT	
8913028	8913040	IS_AST_PARENT	
8912997	8913028	IS_AST_PARENT	
8912983	8912997	IS_AST_PARENT	
8911992	8912983	IS_AST_PARENT	
8913097	8913098	IS_AST_PARENT	
8911992	8913097	IS_AST_PARENT	
8913099	8913100	IS_AST_PARENT	
8911992	8913099	IS_AST_PARENT	
8913103	8913104	IS_AST_PARENT	
8913102	8913103	IS_AST_PARENT	
8913106	8913107	IS_AST_PARENT	
8913105	8913106	IS_AST_PARENT	
8913102	8913105	IS_AST_PARENT	
8913101	8913102	IS_AST_PARENT	
8911992	8913101	IS_AST_PARENT	
8913110	8913111	IS_AST_PARENT	
8913109	8913110	IS_AST_PARENT	
8913113	8913114	IS_AST_PARENT	
8913112	8913113	IS_AST_PARENT	
8913115	8913116	IS_AST_PARENT	
8913112	8913115	IS_AST_PARENT	
8913117	8913118	IS_AST_PARENT	
8913112	8913117	IS_AST_PARENT	
8913109	8913112	IS_AST_PARENT	
8913108	8913109	IS_AST_PARENT	
8911992	8913108	IS_AST_PARENT	
8913121	8913122	IS_AST_PARENT	
8913120	8913121	IS_AST_PARENT	
8913124	8913125	IS_AST_PARENT	
8913123	8913124	IS_AST_PARENT	
8913120	8913123	IS_AST_PARENT	
8913119	8913120	IS_AST_PARENT	
8911992	8913119	IS_AST_PARENT	
8911991	8911992	IS_AST_PARENT	
8911991	8913126	IS_AST_PARENT	
8911991	8913127	IS_AST_PARENT	
8913129	8913130	IS_AST_PARENT	
8913129	8913131	IS_AST_PARENT	
8913128	8913129	IS_AST_PARENT	
8911991	8913128	IS_AST_PARENT	
8913132	8913129	FLOWS_TO	
8913129	8911993	FLOWS_TO	
8911993	8911997	FLOWS_TO	
8911997	8912001	FLOWS_TO	
8912001	8912020	FLOWS_TO	
8912020	8912034	FLOWS_TO	
8912034	8912047	FLOWS_TO	
8912047	8912056	FLOWS_TO	
8912056	8912062	FLOWS_TO	
8912062	8912068	FLOWS_TO	
8912068	8912076	FLOWS_TO	
8912076	8912084	FLOWS_TO	
8912084	8912090	FLOWS_TO	
8912090	8912096	FLOWS_TO	
8912096	8912104	FLOWS_TO	
8912104	8912110	FLOWS_TO	
8912110	8912116	FLOWS_TO	
8912116	8912122	FLOWS_TO	
8912122	8912128	FLOWS_TO	
8912128	8912147	FLOWS_TO	
8912151	8912159	FLOWS_TO	
8912151	8912256	FLOWS_TO	
8912147	8912151	FLOWS_TO	
8912155	8912151	FLOWS_TO	
8912159	8912171	FLOWS_TO	
8912171	8912179	FLOWS_TO	
8912171	8912181	FLOWS_TO	
8912179	8912151	FLOWS_TO	
8912181	8912193	FLOWS_TO	
8912181	8912195	FLOWS_TO	
8912193	8912151	FLOWS_TO	
8912195	8912207	FLOWS_TO	
8912195	8912209	FLOWS_TO	
8912207	8912151	FLOWS_TO	
8912209	8912217	FLOWS_TO	
8912209	8912219	FLOWS_TO	
8912217	8912151	FLOWS_TO	
8912219	8912227	FLOWS_TO	
8912219	8912229	FLOWS_TO	
8912227	8912151	FLOWS_TO	
8912229	8912237	FLOWS_TO	
8912229	8912238	FLOWS_TO	
8912237	8912151	FLOWS_TO	
8912238	8912244	FLOWS_TO	
8912244	8912254	FLOWS_TO	
8912254	8912256	FLOWS_TO	
8912256	8912260	FLOWS_TO	
8912256	8912272	FLOWS_TO	
8912260	8912272	FLOWS_TO	
8912272	8912293	FLOWS_TO	
8912272	8912307	FLOWS_TO	
8912293	8912304	FLOWS_TO	
8912304	8913133	FLOWS_TO	
8912307	8912324	FLOWS_TO	
8912307	8912338	FLOWS_TO	
8912324	8912335	FLOWS_TO	
8912335	8913133	FLOWS_TO	
8912338	8912346	FLOWS_TO	
8912338	8912390	FLOWS_TO	
8912346	8912353	FLOWS_TO	
8912346	8912376	FLOWS_TO	
8912353	8912363	FLOWS_TO	
8912363	8912413	FLOWS_TO	
8912376	8912377	FLOWS_TO	
8912377	8912378	FLOWS_TO	
8912378	8912379	FLOWS_TO	
8912379	8912380	FLOWS_TO	
8912380	8912381	FLOWS_TO	
8912381	8912382	FLOWS_TO	
8912382	8912383	FLOWS_TO	
8912383	8912384	FLOWS_TO	
8912384	8912385	FLOWS_TO	
8912385	8912386	FLOWS_TO	
8912386	8913133	FLOWS_TO	
8912390	8912413	FLOWS_TO	
8912413	8912437	FLOWS_TO	
8912437	8912439	FLOWS_TO	
8912437	8912442	FLOWS_TO	
8912439	8913133	FLOWS_TO	
8912442	8912453	FLOWS_TO	
8912442	8912473	FLOWS_TO	
8912453	8912459	FLOWS_TO	
8912459	8912465	FLOWS_TO	
8912465	8912554	FLOWS_TO	
8912473	8912490	FLOWS_TO	
8912473	8912510	FLOWS_TO	
8912490	8912496	FLOWS_TO	
8912496	8912502	FLOWS_TO	
8912502	8912554	FLOWS_TO	
8912510	8912515	FLOWS_TO	
8912510	8912535	FLOWS_TO	
8912515	8912521	FLOWS_TO	
8912521	8912527	FLOWS_TO	
8912527	8912554	FLOWS_TO	
8912535	8912541	FLOWS_TO	
8912541	8912547	FLOWS_TO	
8912547	8912554	FLOWS_TO	
8912558	8912566	FLOWS_TO	
8912558	8912853	FLOWS_TO	
8912554	8912558	FLOWS_TO	
8912562	8912558	FLOWS_TO	
8912566	8912573	FLOWS_TO	
8912573	8912583	FLOWS_TO	
8912583	8912599	FLOWS_TO	
8912599	8912616	FLOWS_TO	
8912616	8912620	FLOWS_TO	
8912616	8912626	FLOWS_TO	
8912620	8912626	FLOWS_TO	
8912626	8912647	FLOWS_TO	
8912647	8912668	FLOWS_TO	
8912668	8912683	FLOWS_TO	
8912683	8912705	FLOWS_TO	
8912705	8912711	FLOWS_TO	
8912705	8912714	FLOWS_TO	
8912711	8913099	FLOWS_TO	
8912722	8912730	FLOWS_TO	
8912722	8912820	FLOWS_TO	
8912714	8912722	FLOWS_TO	
8912726	8912722	FLOWS_TO	
8912730	8912736	FLOWS_TO	
8912736	8912743	FLOWS_TO	
8912747	8912755	FLOWS_TO	
8912747	8912726	FLOWS_TO	
8912743	8912747	FLOWS_TO	
8912751	8912747	FLOWS_TO	
8912755	8912767	FLOWS_TO	
8912767	8912773	FLOWS_TO	
8912773	8912779	FLOWS_TO	
8912779	8912787	FLOWS_TO	
8912787	8912809	FLOWS_TO	
8912809	8912751	FLOWS_TO	
8912820	8912851	FLOWS_TO	
8912820	8912562	FLOWS_TO	
8912851	8913099	FLOWS_TO	
8912853	8912869	FLOWS_TO	
8912869	8912885	FLOWS_TO	
8912885	8912907	FLOWS_TO	
8912907	8912913	FLOWS_TO	
8912907	8912915	FLOWS_TO	
8912913	8913099	FLOWS_TO	
8912915	8912941	FLOWS_TO	
8912941	8912947	FLOWS_TO	
8912941	8912949	FLOWS_TO	
8912947	8913099	FLOWS_TO	
8912949	8912975	FLOWS_TO	
8912975	8912981	FLOWS_TO	
8912975	8912984	FLOWS_TO	
8912981	8913099	FLOWS_TO	
8912988	8912998	FLOWS_TO	
8912988	8913097	FLOWS_TO	
8912984	8912988	FLOWS_TO	
8912994	8912988	FLOWS_TO	
8912998	8913013	FLOWS_TO	
8913013	8913029	FLOWS_TO	
8913033	8913041	FLOWS_TO	
8913033	8912994	FLOWS_TO	
8913029	8913033	FLOWS_TO	
8913037	8913033	FLOWS_TO	
8913041	8913070	FLOWS_TO	
8913070	8913077	FLOWS_TO	
8913070	8913091	FLOWS_TO	
8913077	8913083	FLOWS_TO	
8913083	8913037	FLOWS_TO	
8913091	8913037	FLOWS_TO	
8913097	8913133	FLOWS_TO	
8913099	8913101	FLOWS_TO	
8913101	8913108	FLOWS_TO	
8913108	8913119	FLOWS_TO	
8913119	8913133	FLOWS_TO	
8912104	8913134	DEF	
8912105	8913134	DEF	
8912353	8913134	DEF	
8912354	8913134	DEF	
8912110	8913135	DEF	
8912111	8913135	DEF	
8912128	8913136	USE	
8912129	8913136	USE	
8913119	8913137	USE	
8913124	8913137	USE	
8912001	8913138	DEF	
8912014	8913138	DEF	
8912787	8913138	DEF	
8912788	8913138	DEF	
8912809	8913138	USE	
8912810	8913138	USE	
8912599	8913139	DEF	
8912600	8913139	DEF	
8912620	8913139	USE	
8912621	8913139	USE	
8912620	8913139	DEF	
8912621	8913139	DEF	
8912647	8913139	USE	
8912658	8913139	USE	
8912096	8913140	DEF	
8912097	8913140	DEF	
8912238	8913140	DEF	
8912239	8913140	DEF	
8912338	8913140	USE	
8912353	8913140	DEF	
8912358	8913140	DEF	
8912390	8913140	USE	
8912401	8913140	USE	
8912407	8913140	USE	
8912779	8913141	DEF	
8912780	8913141	DEF	
8912787	8913141	USE	
8912788	8913141	USE	
8912820	8913142	USE	
8912820	8913143	USE	
8912829	8913143	USE	
8912825	8913143	USE	
8912626	8913144	USE	
8912641	8913144	USE	
8912647	8913144	USE	
8912662	8913144	USE	
8912714	8913144	USE	
8912715	8913144	USE	
8912122	8913145	DEF	
8912123	8913145	DEF	
8912583	8913146	DEF	
8912584	8913146	DEF	
8912626	8913146	USE	
8912637	8913146	USE	
8912304	8913147	USE	
8912335	8913147	USE	
8912386	8913147	USE	
8912869	8913148	DEF	
8912870	8913148	DEF	
8912885	8913148	USE	
8912894	8913148	USE	
8912853	8913149	DEF	
8912854	8913149	DEF	
8912885	8913149	USE	
8912894	8913149	USE	
8912068	8913150	DEF	
8912069	8913150	DEF	
8912915	8913151	USE	
8912935	8913151	USE	
8912915	8913151	DEF	
8912916	8913151	DEF	
8912941	8913151	USE	
8912998	8913151	USE	
8913006	8913151	USE	
8913002	8913151	USE	
8912949	8913152	DEF	
8912950	8913152	DEF	
8912949	8913152	USE	
8912969	8913152	USE	
8912975	8913152	USE	
8913013	8913152	USE	
8913017	8913152	USE	
8913021	8913152	USE	
8913013	8913153	DEF	
8913014	8913153	DEF	
8913017	8913153	DEF	
8913041	8913153	USE	
8913063	8913153	USE	
8913066	8913153	USE	
8913083	8913153	USE	
8913085	8913153	USE	
8913091	8913153	USE	
8913093	8913153	USE	
8912076	8913154	DEF	
8912077	8913154	DEF	
8912853	8913155	USE	
8912854	8913155	USE	
8912869	8913156	USE	
8912870	8913156	USE	
8912068	8913157	DEF	
8912069	8913157	DEF	
8912068	8913157	USE	
8912070	8913157	USE	
8912076	8913157	USE	
8912078	8913157	USE	
8912076	8913157	DEF	
8912077	8913157	DEF	
8912626	8913158	USE	
8912631	8913158	USE	
8912647	8913158	USE	
8912652	8913158	USE	
8912668	8913158	USE	
8912669	8913158	USE	
8912020	8913159	USE	
8912030	8913159	USE	
8912171	8913159	USE	
8912413	8913159	USE	
8912420	8913159	USE	
8912020	8913160	USE	
8912024	8913160	USE	
8912809	8913161	DEF	
8912810	8913161	DEF	
8912683	8913162	DEF	
8912684	8913162	DEF	
8912705	8913162	USE	
8912809	8913162	USE	
8912810	8913162	USE	
8912390	8913163	USE	
8912397	8913163	USE	
8912272	8913164	USE	
8912307	8913164	USE	
8912869	8913164	USE	
8912870	8913164	USE	
8912209	8913165	USE	
8912307	8913165	USE	
8912583	8913165	USE	
8912584	8913165	USE	
8912820	8913166	USE	
8912843	8913166	USE	
8912034	8913167	USE	
8912041	8913167	USE	
8912820	8913168	USE	
8912828	8913168	USE	
8912244	8913169	USE	
8912245	8913169	USE	
8912181	8913170	USE	
8912183	8913170	USE	
8912195	8913170	USE	
8912197	8913170	USE	
8912473	8913171	USE	
8912820	8913172	USE	
8912835	8913172	USE	
8912998	8913173	DEF	
8913002	8913173	DEF	
8912999	8913173	DEF	
8913041	8913173	USE	
8913057	8913173	USE	
8913060	8913173	USE	
8913070	8913173	USE	
8913072	8913173	USE	
8913077	8913173	USE	
8913079	8913173	USE	
8912181	8913174	USE	
8912390	8913175	USE	
8912406	8913175	USE	
8912405	8913175	USE	
8912820	8913175	USE	
8912828	8913175	USE	
8912843	8913175	USE	
8912844	8913175	USE	
8912836	8913175	USE	
8912835	8913175	USE	
8912853	8913175	USE	
8912859	8913175	USE	
8912854	8913175	USE	
8912869	8913175	USE	
8912870	8913175	USE	
8912875	8913175	USE	
8912915	8913175	USE	
8912924	8913175	USE	
8912949	8913175	USE	
8912958	8913175	USE	
8912195	8913176	USE	
8912272	8913177	USE	
8912307	8913177	USE	
8912853	8913177	USE	
8912854	8913177	USE	
8912442	8913178	USE	
8912473	8913178	USE	
8912181	8913179	USE	
8912188	8913179	USE	
8912195	8913179	USE	
8912202	8913179	USE	
8912755	8913180	USE	
8912760	8913180	USE	
8912756	8913180	USE	
8913129	8913181	DEF	
8912020	8913181	USE	
8912031	8913181	USE	
8912047	8913181	USE	
8912053	8913181	USE	
8912128	8913181	USE	
8912142	8913181	USE	
8912137	8913181	USE	
8912171	8913181	USE	
8912173	8913181	USE	
8912181	8913181	USE	
8912184	8913181	USE	
8912195	8913181	USE	
8912198	8913181	USE	
8912209	8913181	USE	
8912211	8913181	USE	
8912219	8913181	USE	
8912221	8913181	USE	
8912260	8913181	USE	
8912265	8913181	USE	
8912293	8913181	USE	
8912298	8913181	USE	
8912307	8913181	USE	
8912320	8913181	USE	
8912313	8913181	USE	
8912324	8913181	USE	
8912329	8913181	USE	
8912346	8913181	USE	
8912348	8913181	USE	
8912363	8913181	USE	
8912368	8913181	USE	
8912390	8913181	USE	
8912395	8913181	USE	
8912413	8913181	USE	
8912421	8913181	USE	
8912442	8913181	USE	
8912448	8913181	USE	
8912473	8913181	USE	
8912485	8913181	USE	
8912480	8913181	USE	
8912583	8913181	USE	
8912589	8913181	USE	
8912599	8913181	USE	
8912605	8913181	USE	
8913101	8913181	USE	
8913106	8913181	USE	
8913108	8913181	USE	
8913113	8913181	USE	
8912885	8913182	USE	
8912886	8913182	USE	
8911997	8913183	DEF	
8911998	8913183	DEF	
8912755	8913183	DEF	
8912756	8913183	DEF	
8912767	8913183	USE	
8912769	8913183	USE	
8912773	8913183	USE	
8912775	8913183	USE	
8912779	8913183	USE	
8912781	8913183	USE	
8912787	8913183	USE	
8912799	8913183	USE	
8912806	8913183	USE	
8912796	8913183	USE	
8912809	8913183	USE	
8912811	8913183	USE	
8912293	8913184	USE	
8912300	8913184	USE	
8912324	8913184	USE	
8912331	8913184	USE	
8913108	8913184	USE	
8913115	8913184	USE	
8912820	8913185	USE	
8912843	8913185	USE	
8912844	8913185	USE	
8912835	8913185	USE	
8912836	8913185	USE	
8912853	8913185	USE	
8912854	8913185	USE	
8912859	8913185	USE	
8912869	8913185	USE	
8912875	8913185	USE	
8912870	8913185	USE	
8912034	8913186	USE	
8912038	8913186	USE	
8912209	8913187	USE	
8912566	8913188	DEF	
8912570	8913188	DEF	
8912647	8913188	DEF	
8912652	8913188	DEF	
8912736	8913188	USE	
8912737	8913188	USE	
8912736	8913188	DEF	
8912737	8913188	DEF	
8912773	8913188	USE	
8912774	8913188	USE	
8912001	8913189	DEF	
8912002	8913189	DEF	
8912151	8913189	USE	
8912147	8913189	DEF	
8912148	8913189	DEF	
8912155	8913189	USE	
8912155	8913189	DEF	
8912159	8913189	USE	
8912167	8913189	USE	
8912163	8913189	USE	
8912238	8913189	USE	
8912239	8913189	USE	
8912244	8913189	USE	
8912250	8913189	USE	
8912558	8913189	USE	
8912554	8913189	DEF	
8912555	8913189	DEF	
8912562	8913189	DEF	
8912562	8913189	USE	
8912573	8913189	USE	
8912574	8913189	USE	
8912578	8913189	USE	
8912583	8913189	USE	
8912593	8913189	USE	
8912584	8913189	USE	
8912599	8913189	USE	
8912609	8913189	USE	
8912600	8913189	USE	
8912820	8913189	USE	
8912837	8913189	USE	
8912845	8913189	USE	
8912825	8913189	USE	
8912829	8913189	USE	
8912988	8913189	USE	
8912984	8913189	DEF	
8912985	8913189	DEF	
8912994	8913189	DEF	
8912994	8913189	USE	
8912998	8913189	USE	
8913006	8913189	USE	
8913002	8913189	USE	
8913013	8913189	USE	
8913021	8913189	USE	
8913017	8913189	USE	
8913041	8913189	USE	
8913054	8913189	USE	
8912473	8913190	USE	
8912001	8913191	DEF	
8912005	8913191	DEF	
8913033	8913191	USE	
8913029	8913191	DEF	
8913030	8913191	DEF	
8913037	8913191	DEF	
8913037	8913191	USE	
8913041	8913191	USE	
8913063	8913191	USE	
8913057	8913191	USE	
8913060	8913191	USE	
8913051	8913191	USE	
8913066	8913191	USE	
8913070	8913191	USE	
8913072	8913191	USE	
8913077	8913191	USE	
8913079	8913191	USE	
8913083	8913191	USE	
8913085	8913191	USE	
8913091	8913191	USE	
8913093	8913191	USE	
8912229	8913192	USE	
8912001	8913193	DEF	
8912011	8913193	DEF	
8912747	8913193	USE	
8912743	8913193	DEF	
8912744	8913193	DEF	
8912751	8913193	DEF	
8912751	8913193	USE	
8912755	8913193	USE	
8912760	8913193	USE	
8912756	8913193	USE	
8912787	8913193	USE	
8912788	8913193	USE	
8911993	8913194	DEF	
8911994	8913194	DEF	
8912573	8913194	DEF	
8912574	8913194	DEF	
8912583	8913194	USE	
8912585	8913194	USE	
8912599	8913194	USE	
8912601	8913194	USE	
8912620	8913194	USE	
8912622	8913194	USE	
8912626	8913194	USE	
8912628	8913194	USE	
8912638	8913194	USE	
8912647	8913194	USE	
8912659	8913194	USE	
8912649	8913194	USE	
8912668	8913194	USE	
8912678	8913194	USE	
8912670	8913194	USE	
8912683	8913194	USE	
8912685	8913194	USE	
8912698	8913194	USE	
8912694	8913194	USE	
8912705	8913194	USE	
8912708	8913194	USE	
8912755	8913194	USE	
8912762	8913194	USE	
8912779	8913194	USE	
8912784	8913194	USE	
8912809	8913194	USE	
8912815	8913194	USE	
8912453	8913195	DEF	
8912454	8913195	DEF	
8912490	8913195	DEF	
8912491	8913195	DEF	
8912515	8913195	DEF	
8912516	8913195	DEF	
8912535	8913195	DEF	
8912536	8913195	DEF	
8912773	8913196	DEF	
8912774	8913196	DEF	
8912787	8913196	USE	
8912788	8913196	USE	
8912034	8913197	DEF	
8912035	8913197	DEF	
8912038	8913197	DEF	
8912442	8913197	USE	
8912473	8913197	USE	
8912510	8913197	USE	
8912047	8913198	DEF	
8912048	8913198	DEF	
8912051	8913198	DEF	
8912056	8913198	USE	
8912058	8913198	USE	
8912062	8913198	USE	
8912064	8913198	USE	
8912068	8913198	USE	
8912071	8913198	USE	
8912076	8913198	USE	
8912079	8913198	USE	
8912084	8913198	USE	
8912086	8913198	USE	
8912090	8913198	USE	
8912092	8913198	USE	
8912096	8913198	USE	
8912098	8913198	USE	
8912104	8913198	USE	
8912106	8913198	USE	
8912110	8913198	USE	
8912112	8913198	USE	
8912116	8913198	USE	
8912118	8913198	USE	
8912122	8913198	USE	
8912124	8913198	USE	
8912128	8913198	USE	
8912130	8913198	USE	
8912229	8913198	USE	
8912231	8913198	USE	
8912238	8913198	USE	
8912240	8913198	USE	
8912244	8913198	USE	
8912246	8913198	USE	
8912256	8913198	USE	
8912257	8913198	USE	
8912272	8913198	USE	
8912288	8913198	USE	
8912284	8913198	USE	
8912275	8913198	USE	
8912279	8913198	USE	
8912307	8913198	USE	
8912317	8913198	USE	
8912310	8913198	USE	
8912338	8913198	USE	
8912340	8913198	USE	
8912353	8913198	USE	
8912355	8913198	USE	
8912359	8913198	USE	
8912390	8913198	USE	
8912402	8913198	USE	
8912409	8913198	USE	
8912413	8913198	USE	
8912433	8913198	USE	
8912427	8913198	USE	
8912430	8913198	USE	
8912424	8913198	USE	
8912453	8913198	USE	
8912455	8913198	USE	
8912459	8913198	USE	
8912461	8913198	USE	
8912465	8913198	USE	
8912467	8913198	USE	
8912490	8913198	USE	
8912492	8913198	USE	
8912496	8913198	USE	
8912498	8913198	USE	
8912502	8913198	USE	
8912504	8913198	USE	
8912515	8913198	USE	
8912517	8913198	USE	
8912521	8913198	USE	
8912523	8913198	USE	
8912527	8913198	USE	
8912529	8913198	USE	
8912535	8913198	USE	
8912537	8913198	USE	
8912541	8913198	USE	
8912543	8913198	USE	
8912547	8913198	USE	
8912549	8913198	USE	
8912573	8913198	USE	
8912579	8913198	USE	
8912583	8913198	USE	
8912595	8913198	USE	
8912599	8913198	USE	
8912611	8913198	USE	
8912616	8913198	USE	
8912617	8913198	USE	
8912626	8913198	USE	
8912644	8913198	USE	
8912647	8913198	USE	
8912665	8913198	USE	
8912714	8913198	USE	
8912718	8913198	USE	
8912820	8913198	USE	
8912846	8913198	USE	
8912838	8913198	USE	
8912830	8913198	USE	
8912853	8913198	USE	
8912855	8913198	USE	
8912866	8913198	USE	
8912861	8913198	USE	
8912869	8913198	USE	
8912871	8913198	USE	
8912877	8913198	USE	
8912882	8913198	USE	
8912885	8913198	USE	
8912896	8913198	USE	
8912899	8913198	USE	
8912887	8913198	USE	
8912907	8913198	USE	
8912910	8913198	USE	
8912915	8913198	USE	
8912917	8913198	USE	
8912937	8913198	USE	
8912929	8913198	USE	
8912941	8913198	USE	
8912944	8913198	USE	
8912949	8913198	USE	
8912971	8913198	USE	
8912951	8913198	USE	
8912963	8913198	USE	
8912975	8913198	USE	
8912978	8913198	USE	
8912988	8913198	USE	
8912991	8913198	USE	
8912998	8913198	USE	
8913007	8913198	USE	
8913013	8913198	USE	
8913022	8913198	USE	
8912566	8913199	DEF	
8912567	8913199	DEF	
8912626	8913199	DEF	
8912631	8913199	DEF	
8912730	8913199	USE	
8912731	8913199	USE	
8912730	8913199	DEF	
8912731	8913199	DEF	
8912767	8913199	USE	
8912768	8913199	USE	
8912128	8913200	USE	
8912129	8913200	USE	
8912171	8913201	USE	
8912260	8913202	USE	
8912267	8913202	USE	
8912363	8913202	USE	
8912370	8913202	USE	
8912668	8913203	DEF	
8912669	8913203	DEF	
8912683	8913203	USE	
8912692	8913203	USE	
8912779	8913203	USE	
8912780	8913203	USE	
8912244	8913204	USE	
8912249	8913204	USE	
8912245	8913204	USE	
8912390	8913204	USE	
8912406	8913204	USE	
8912405	8913204	USE	
8912626	8913205	DEF	
8912627	8913205	DEF	
8912668	8913205	USE	
8912677	8913205	USE	
8912683	8913206	USE	
8912684	8913206	USE	
8912915	8913206	USE	
8912916	8913206	USE	
8912949	8913206	USE	
8912950	8913206	USE	
8912151	8913207	USE	
8912390	8913208	USE	
8912406	8913208	USE	
8912405	8913208	USE	
8912647	8913209	DEF	
8912648	8913209	DEF	
8912683	8913209	USE	
8912692	8913209	USE	
8912062	8913210	DEF	
8912063	8913210	DEF	
8912915	8913210	USE	
8912924	8913210	USE	
8912949	8913210	USE	
8912958	8913210	USE	
8912988	8913210	USE	
8912599	8913211	USE	
8912600	8913211	USE	
8912020	8913212	DEF	
8912024	8913212	DEF	
8912021	8913212	DEF	
8912034	8913212	USE	
8912042	8913212	USE	
8912159	8913212	DEF	
8912163	8913212	DEF	
8912160	8913212	DEF	
8912171	8913212	USE	
8912176	8913212	USE	
8912181	8913212	USE	
8912189	8913212	USE	
8912195	8913212	USE	
8912203	8913212	USE	
8912209	8913212	USE	
8912214	8913212	USE	
8912219	8913212	USE	
8912224	8913212	USE	
8912229	8913212	USE	
8912234	8913212	USE	
8912755	8913213	USE	
8912760	8913213	USE	
8912756	8913213	USE	
8912465	8913214	DEF	
8912466	8913214	DEF	
8912502	8913214	DEF	
8912503	8913214	DEF	
8912527	8913214	DEF	
8912528	8913214	DEF	
8912547	8913214	DEF	
8912548	8913214	DEF	
8912084	8913215	DEF	
8912085	8913215	DEF	
8912219	8913216	USE	
8912413	8913217	USE	
8912430	8913217	USE	
8912159	8913218	USE	
8912167	8913218	USE	
8912163	8913218	USE	
8912244	8913218	USE	
8912250	8913218	USE	
8912390	8913218	USE	
8912407	8913218	USE	
8913041	8913219	USE	
8913053	8913219	USE	
8912346	8913220	USE	
8912001	8913221	DEF	
8912017	8913221	DEF	
8912413	8913221	DEF	
8912414	8913221	DEF	
8912437	8913221	USE	
8912439	8913221	USE	
8912459	8913222	DEF	
8912460	8913222	DEF	
8912496	8913222	DEF	
8912497	8913222	DEF	
8912521	8913222	DEF	
8912522	8913222	DEF	
8912541	8913222	DEF	
8912542	8913222	DEF	
8912001	8913223	DEF	
8912008	8913223	DEF	
8912722	8913223	USE	
8912714	8913223	DEF	
8912715	8913223	DEF	
8912726	8913223	USE	
8912726	8913223	DEF	
8912755	8913223	USE	
8912761	8913223	USE	
8912820	8913224	USE	
8912825	8913224	USE	
8912195	8913225	USE	
8912056	8913226	DEF	
8912057	8913226	DEF	
8912390	8913227	USE	
8912405	8913227	USE	
8912346	8913228	USE	
8912020	8913229	USE	
8912030	8913229	USE	
8912047	8913229	USE	
8912051	8913229	USE	
8912128	8913229	USE	
8912129	8913229	USE	
8912171	8913229	USE	
8912181	8913229	USE	
8912183	8913229	USE	
8912195	8913229	USE	
8912197	8913229	USE	
8912209	8913229	USE	
8912219	8913229	USE	
8912307	8913229	USE	
8912346	8913229	USE	
8912413	8913229	USE	
8912420	8913229	USE	
8912442	8913229	USE	
8912473	8913229	USE	
8912583	8913229	USE	
8912584	8913229	USE	
8912599	8913229	USE	
8912600	8913229	USE	
8912128	8913230	USE	
8912129	8913230	USE	
8912442	8913231	USE	
8912915	8913232	USE	
8912924	8913232	USE	
8912949	8913232	USE	
8912958	8913232	USE	
8912998	8913232	USE	
8913002	8913232	USE	
8913006	8913232	USE	
8913013	8913232	USE	
8913021	8913232	USE	
8913017	8913232	USE	
8913033	8913232	USE	
8912885	8913233	DEF	
8912886	8913233	DEF	
8912907	8913233	USE	
8913041	8913234	USE	
8913046	8913234	USE	
8913041	8913235	USE	
8913054	8913235	USE	
8912949	8913236	USE	
8912958	8913236	USE	
8912034	8913237	USE	
8912041	8913237	USE	
8912171	8913237	USE	
8912181	8913237	USE	
8912188	8913237	USE	
8912195	8913237	USE	
8912202	8913237	USE	
8912209	8913237	USE	
8912219	8913237	USE	
8912229	8913237	USE	
8912128	8913238	DEF	
8912129	8913238	DEF	
8912229	8913238	USE	
8912256	8913238	USE	
8912616	8913238	USE	
8912767	8913239	DEF	
8912768	8913239	DEF	
8912787	8913239	USE	
8912788	8913239	USE	
8912181	8913240	USE	
8912219	8913241	USE	
8912307	8913241	USE	
8912599	8913241	USE	
8912600	8913241	USE	
8913083	8913242	DEF	
8913084	8913242	DEF	
8913083	8913242	USE	
8913084	8913242	USE	
8913091	8913242	DEF	
8913092	8913242	DEF	
8912413	8913243	USE	
8912414	8913243	USE	
8912755	8913244	USE	
8912761	8913244	USE	
8912573	8913245	USE	
8912578	8913245	USE	
8912574	8913245	USE	
8912820	8913245	USE	
8912837	8913245	USE	
8912845	8913245	USE	
8912853	8913245	USE	
8912860	8913245	USE	
8912869	8913245	USE	
8912876	8913245	USE	
8912034	8913246	USE	
8912040	8913246	USE	
8912038	8913246	USE	
8912755	8913247	USE	
8912760	8913247	USE	
8912756	8913247	USE	
8912034	8913248	USE	
8912040	8913248	USE	
8912038	8913248	USE	
8912062	8913249	USE	
8912063	8913249	USE	
8912047	8913250	USE	
8912051	8913250	USE	
8912583	8913251	USE	
8912584	8913251	USE	
8912767	8913252	DEF	
8912768	8913252	DEF	
8912773	8913252	DEF	
8912774	8913252	DEF	
8912779	8913252	DEF	
8912780	8913252	DEF	
8912787	8913252	USE	
8912788	8913252	USE	
8912809	8913252	DEF	
8912810	8913252	DEF	
8912116	8913253	DEF	
8912117	8913253	DEF	
8912244	8913254	USE	
8912249	8913254	USE	
8912245	8913254	USE	
8912820	8913254	USE	
8912844	8913254	USE	
8912835	8913254	USE	
8912836	8913254	USE	
8912843	8913254	USE	
8912828	8913254	USE	
8913041	8913254	USE	
8913053	8913254	USE	
8913070	8913255	USE	
8913077	8913255	DEF	
8913078	8913255	DEF	
8913077	8913255	USE	
8913078	8913255	USE	
8913083	8913255	USE	
8913084	8913255	USE	
8913083	8913255	DEF	
8913084	8913255	DEF	
8913091	8913255	DEF	
8913092	8913255	DEF	
8912583	8913256	DEF	
8912584	8913256	DEF	
8912599	8913256	DEF	
8912600	8913256	DEF	
8912620	8913256	DEF	
8912621	8913256	DEF	
8912620	8913256	USE	
8912621	8913256	USE	
8912626	8913256	DEF	
8912627	8913256	DEF	
8912626	8913256	USE	
8912637	8913256	USE	
8912647	8913256	USE	
8912658	8913256	USE	
8912647	8913256	DEF	
8912648	8913256	DEF	
8912668	8913256	DEF	
8912669	8913256	DEF	
8912668	8913256	USE	
8912677	8913256	USE	
8912683	8913256	DEF	
8912684	8913256	DEF	
8912683	8913256	USE	
8912692	8913256	USE	
8912705	8913256	USE	
8912755	8913256	USE	
8912761	8913256	USE	
8912779	8913256	USE	
8912780	8913256	USE	
8912809	8913256	USE	
8912810	8913256	USE	
8913119	8913257	USE	
8912056	8913258	DEF	
8912057	8913258	DEF	
8912062	8913258	DEF	
8912063	8913258	DEF	
8912068	8913258	USE	
8912070	8913258	USE	
8912068	8913258	DEF	
8912069	8913258	DEF	
8912076	8913258	DEF	
8912077	8913258	DEF	
8912076	8913258	USE	
8912078	8913258	USE	
8912084	8913258	DEF	
8912085	8913258	DEF	
8912090	8913258	DEF	
8912091	8913258	DEF	
8912096	8913258	DEF	
8912097	8913258	DEF	
8912104	8913258	DEF	
8912105	8913258	DEF	
8912110	8913258	DEF	
8912111	8913258	DEF	
8912116	8913258	DEF	
8912117	8913258	DEF	
8912122	8913258	DEF	
8912123	8913258	DEF	
8912128	8913258	DEF	
8912129	8913258	DEF	
8912229	8913258	USE	
8912238	8913258	DEF	
8912239	8913258	DEF	
8912244	8913258	DEF	
8912245	8913258	DEF	
8912256	8913258	USE	
8912272	8913258	USE	
8912307	8913258	USE	
8912338	8913258	USE	
8912353	8913258	DEF	
8912354	8913258	DEF	
8912358	8913258	DEF	
8912390	8913258	USE	
8912401	8913258	USE	
8912407	8913258	USE	
8912453	8913258	DEF	
8912454	8913258	DEF	
8912459	8913258	DEF	
8912460	8913258	DEF	
8912465	8913258	DEF	
8912466	8913258	DEF	
8912490	8913258	DEF	
8912491	8913258	DEF	
8912496	8913258	DEF	
8912497	8913258	DEF	
8912502	8913258	DEF	
8912503	8913258	DEF	
8912515	8913258	DEF	
8912516	8913258	DEF	
8912521	8913258	DEF	
8912522	8913258	DEF	
8912527	8913258	DEF	
8912528	8913258	DEF	
8912535	8913258	DEF	
8912536	8913258	DEF	
8912541	8913258	DEF	
8912542	8913258	DEF	
8912547	8913258	DEF	
8912548	8913258	DEF	
8912573	8913258	USE	
8912578	8913258	USE	
8912574	8913258	USE	
8912583	8913258	USE	
8912584	8913258	USE	
8912599	8913258	USE	
8912600	8913258	USE	
8912616	8913258	USE	
8912626	8913258	USE	
8912641	8913258	USE	
8912647	8913258	USE	
8912662	8913258	USE	
8912714	8913258	USE	
8912715	8913258	USE	
8912820	8913258	USE	
8912837	8913258	USE	
8912829	8913258	USE	
8912825	8913258	USE	
8912845	8913258	USE	
8912853	8913258	USE	
8912854	8913258	USE	
8912860	8913258	USE	
8912853	8913258	DEF	
8912854	8913258	DEF	
8912869	8913258	USE	
8912876	8913258	USE	
8912869	8913258	DEF	
8912870	8913258	DEF	
8912870	8913258	USE	
8912885	8913258	DEF	
8912886	8913258	DEF	
8912885	8913258	USE	
8912894	8913258	USE	
8912907	8913258	USE	
8912915	8913258	USE	
8912935	8913258	USE	
8912924	8913258	USE	
8912915	8913258	DEF	
8912916	8913258	DEF	
8912941	8913258	USE	
8912949	8913258	DEF	
8912950	8913258	DEF	
8912949	8913258	USE	
8912969	8913258	USE	
8912958	8913258	USE	
8912975	8913258	USE	
8912988	8913258	USE	
8912998	8913258	USE	
8913006	8913258	USE	
8913002	8913258	USE	
8913013	8913258	USE	
8913021	8913258	USE	
8913017	8913258	USE	
8912090	8913259	DEF	
8912091	8913259	DEF	
8912244	8913259	DEF	
8912245	8913259	DEF	
8912413	8913260	USE	
8912424	8913260	USE	
8912915	8913261	USE	
8912924	8913261	USE	
8913070	8913262	USE	
8913077	8913262	DEF	
8913078	8913262	DEF	
8913077	8913262	USE	
8913078	8913262	USE	
8912787	8912809	REACHES	shift
8912096	8912338	REACHES	s -> base_vf
8912238	8912338	REACHES	s -> base_vf
8912096	8912390	REACHES	s -> base_vf
8912238	8912390	REACHES	s -> base_vf
8912583	8912626	REACHES	p -> width
8912949	8912975	REACHES	s -> coef_lut_val
8912949	8913013	REACHES	s -> coef_lut_val
8913013	8913041	REACHES	val_lut
8913013	8913083	REACHES	val_lut
8913013	8913091	REACHES	val_lut
8912068	8912076	REACHES	s -> ver
8913129	8912020	REACHES	avctx
8913129	8912047	REACHES	avctx
8913129	8912128	REACHES	avctx
8913129	8912293	REACHES	avctx
8913129	8912307	REACHES	avctx
8913129	8912442	REACHES	avctx
8913129	8912171	REACHES	avctx
8913129	8912583	REACHES	avctx
8913129	8912181	REACHES	avctx
8913129	8912599	REACHES	avctx
8913129	8912390	REACHES	avctx
8913129	8912195	REACHES	avctx
8913129	8912473	REACHES	avctx
8913129	8912209	REACHES	avctx
8913129	8912219	REACHES	avctx
8913129	8912346	REACHES	avctx
8913129	8912413	REACHES	avctx
8913129	8912260	REACHES	avctx
8913129	8913108	REACHES	avctx
8913129	8912363	REACHES	avctx
8913129	8913101	REACHES	avctx
8913129	8912324	REACHES	avctx
8912755	8912767	REACHES	b
8912755	8912773	REACHES	b
8912755	8912779	REACHES	b
8912755	8912787	REACHES	b
8912755	8912809	REACHES	b
8912736	8912736	REACHES	h
8912647	8912736	REACHES	h
8912736	8912773	REACHES	h
8912147	8912151	REACHES	i
8912155	8912151	REACHES	i
8912984	8913041	REACHES	i
8912147	8912159	REACHES	i
8912994	8913013	REACHES	i
8912554	8912573	REACHES	i
8912155	8912159	REACHES	i
8912147	8912238	REACHES	i
8912554	8912562	REACHES	i
8912994	8912994	REACHES	i
8912984	8913013	REACHES	i
8912562	8912558	REACHES	i
8912155	8912238	REACHES	i
8912554	8912599	REACHES	i
8912554	8912820	REACHES	i
8912562	8912820	REACHES	i
8912984	8912988	REACHES	i
8912554	8912583	REACHES	i
8912147	8912244	REACHES	i
8912155	8912244	REACHES	i
8912994	8912998	REACHES	i
8912562	8912573	REACHES	i
8912554	8912558	REACHES	i
8912562	8912583	REACHES	i
8912984	8912994	REACHES	i
8912994	8913041	REACHES	i
8912562	8912562	REACHES	i
8912994	8912988	REACHES	i
8912562	8912599	REACHES	i
8912984	8912998	REACHES	i
8913029	8913037	REACHES	j
8913029	8913033	REACHES	j
8913037	8913033	REACHES	j
8913029	8913091	REACHES	j
8913029	8913083	REACHES	j
8913037	8913091	REACHES	j
8913037	8913037	REACHES	j
8913029	8913041	REACHES	j
8913037	8913083	REACHES	j
8913037	8913041	REACHES	j
8913037	8913077	REACHES	j
8913029	8913070	REACHES	j
8913037	8913070	REACHES	j
8913029	8913077	REACHES	j
8912751	8912747	REACHES	o
8912743	8912747	REACHES	o
8912751	8912751	REACHES	o
8912743	8912751	REACHES	o
8912751	8912755	REACHES	o
8912743	8912755	REACHES	o
8912751	8912787	REACHES	o
8912743	8912787	REACHES	o
8912573	8912705	REACHES	p
8912573	8912583	REACHES	p
8912573	8912599	REACHES	p
8912573	8912620	REACHES	p
8912573	8912626	REACHES	p
8912573	8912647	REACHES	p
8912573	8912668	REACHES	p
8912573	8912683	REACHES	p
8912573	8912779	REACHES	p
8912573	8912755	REACHES	p
8912573	8912809	REACHES	p
8912047	8912496	REACHES	s
8912047	8912076	REACHES	s
8912047	8912056	REACHES	s
8912047	8912573	REACHES	s
8912047	8912583	REACHES	s
8912047	8912998	REACHES	s
8912047	8912975	REACHES	s
8912047	8913013	REACHES	s
8912047	8912413	REACHES	s
8912047	8912599	REACHES	s
8912047	8912465	REACHES	s
8912047	8912062	REACHES	s
8912047	8912068	REACHES	s
8912047	8912390	REACHES	s
8912047	8912541	REACHES	s
8912047	8912885	REACHES	s
8912047	8912307	REACHES	s
8912047	8912535	REACHES	s
8912047	8912915	REACHES	s
8912047	8912941	REACHES	s
8912047	8912502	REACHES	s
8912047	8912515	REACHES	s
8912047	8912229	REACHES	s
8912047	8912128	REACHES	s
8912047	8912256	REACHES	s
8912047	8912084	REACHES	s
8912047	8912090	REACHES	s
8912047	8912820	REACHES	s
8912047	8912853	REACHES	s
8912047	8912949	REACHES	s
8912047	8912338	REACHES	s
8912047	8912096	REACHES	s
8912047	8912104	REACHES	s
8912047	8912110	REACHES	s
8912047	8912238	REACHES	s
8912047	8912714	REACHES	s
8912047	8912521	REACHES	s
8912047	8912988	REACHES	s
8912047	8912122	REACHES	s
8912047	8912244	REACHES	s
8912047	8912527	REACHES	s
8912047	8912459	REACHES	s
8912047	8912869	REACHES	s
8912047	8912116	REACHES	s
8912047	8912616	REACHES	s
8912047	8912626	REACHES	s
8912047	8912353	REACHES	s
8912047	8912453	REACHES	s
8912047	8912490	REACHES	s
8912047	8912907	REACHES	s
8912047	8912547	REACHES	s
8912047	8912647	REACHES	s
8912047	8912272	REACHES	s
8912626	8912730	REACHES	w
8912730	8912730	REACHES	w
8912730	8912767	REACHES	w
8912647	8912683	REACHES	p -> dwt_height
8912062	8912915	REACHES	s -> q_ceil
8912062	8912949	REACHES	s -> q_ceil
8912062	8912988	REACHES	s -> q_ceil
8912020	8912034	REACHES	fmt
8912159	8912171	REACHES	fmt
8912159	8912181	REACHES	fmt
8912159	8912195	REACHES	fmt
8912159	8912209	REACHES	fmt
8912159	8912219	REACHES	fmt
8912159	8912229	REACHES	fmt
8912413	8912437	REACHES	ret
8912413	8912439	REACHES	ret
8912128	8912229	REACHES	s -> interlaced
8912128	8912256	REACHES	s -> interlaced
8912128	8912616	REACHES	s -> interlaced
8912767	8912787	REACHES	b -> width
8913091	8913083	REACHES	* val_lut
8913083	8913083	REACHES	* val_lut
8912599	8912620	REACHES	p -> height
8912599	8912647	REACHES	p -> height
8912620	8912647	REACHES	p -> height
8912779	8912787	REACHES	b -> stride
8912869	8912885	REACHES	s -> num_y
8912853	8912885	REACHES	s -> num_x
8912915	8912941	REACHES	s -> coef_lut_len
8912915	8912998	REACHES	s -> coef_lut_len
8912683	8912705	REACHES	p -> coef_buf
8912683	8912809	REACHES	p -> coef_buf
8912998	8913041	REACHES	len_lut
8912998	8913070	REACHES	len_lut
8912998	8913077	REACHES	len_lut
8912773	8912787	REACHES	b -> height
8912034	8912442	REACHES	depth
8912034	8912473	REACHES	depth
8912034	8912510	REACHES	depth
8912668	8912683	REACHES	p -> coef_stride
8912668	8912779	REACHES	p -> coef_stride
8912626	8912668	REACHES	p -> dwt_width
8912726	8912722	REACHES	level
8912714	8912722	REACHES	level
8912726	8912726	REACHES	level
8912714	8912726	REACHES	level
8912726	8912755	REACHES	level
8912714	8912755	REACHES	level
8912885	8912907	REACHES	s -> slice_args
8912779	8912787	REACHES	* b
8913091	8913070	REACHES	* j
8913083	8913070	REACHES	* j
8913091	8913077	REACHES	* j
8913083	8913077	REACHES	* j
8913077	8913083	REACHES	* j
8912599	8912626	REACHES	* p
8912599	8912620	REACHES	* p
8912620	8912626	REACHES	* p
8912683	8912809	REACHES	* p
8912626	8912647	REACHES	* p
8912647	8912668	REACHES	* p
8912668	8912683	REACHES	* p
8912683	8912705	REACHES	* p
8912683	8912755	REACHES	* p
8912683	8912779	REACHES	* p
8912128	8912229	REACHES	* s
8912062	8912068	REACHES	* s
8912244	8912390	REACHES	* s
8912527	8912853	REACHES	* s
8912915	8912941	REACHES	* s
8912465	8912820	REACHES	* s
8912915	8912949	REACHES	* s
8912244	8912338	REACHES	* s
8912502	8912583	REACHES	* s
8912502	8912647	REACHES	* s
8912949	8912998	REACHES	* s
8912502	8912820	REACHES	* s
8912949	8913013	REACHES	* s
8912547	8912853	REACHES	* s
8912527	8912616	REACHES	* s
8912527	8912583	REACHES	* s
8912547	8912820	REACHES	* s
8912502	8912853	REACHES	* s
8912527	8912820	REACHES	* s
8912502	8912599	REACHES	* s
8912128	8912390	REACHES	* s
8912502	8912616	REACHES	* s
8912465	8912626	REACHES	* s
8912885	8912915	REACHES	* s
8912949	8912975	REACHES	* s
8912068	8912076	REACHES	* s
8912244	8912256	REACHES	* s
8912502	8912573	REACHES	* s
8912465	8912583	REACHES	* s
8912128	8912256	REACHES	* s
8912128	8912338	REACHES	* s
8912465	8912647	REACHES	* s
8912547	8912714	REACHES	* s
8912502	8912714	REACHES	* s
8912527	8912714	REACHES	* s
8912244	8912272	REACHES	* s
8912527	8912573	REACHES	* s
8912465	8912573	REACHES	* s
8912547	8912573	REACHES	* s
8912465	8912616	REACHES	* s
8912502	8912626	REACHES	* s
8912128	8912272	REACHES	* s
8912547	8912626	REACHES	* s
8912465	8912714	REACHES	* s
8912949	8912988	REACHES	* s
8912853	8912869	REACHES	* s
8912527	8912626	REACHES	* s
8912465	8912853	REACHES	* s
8912885	8912907	REACHES	* s
8912547	8912647	REACHES	* s
8912244	8912307	REACHES	* s
8912128	8912307	REACHES	* s
8912527	8912599	REACHES	* s
8912547	8912599	REACHES	* s
8912869	8912885	REACHES	* s
8912547	8912616	REACHES	* s
8912547	8912583	REACHES	* s
8912527	8912647	REACHES	* s
8912465	8912599	REACHES	* s
8913077	8913070	REACHES	* len_lut
8913077	8913077	REACHES	* len_lut
8913132	8913129	CONTROLS	
8913132	8911993	CONTROLS	
8913132	8911997	CONTROLS	
8913132	8912001	CONTROLS	
8913132	8912020	CONTROLS	
8913132	8912034	CONTROLS	
8913132	8912047	CONTROLS	
8913132	8912056	CONTROLS	
8913132	8912062	CONTROLS	
8913132	8912068	CONTROLS	
8913132	8912076	CONTROLS	
8913132	8912084	CONTROLS	
8913132	8912090	CONTROLS	
8913132	8912096	CONTROLS	
8913132	8912104	CONTROLS	
8913132	8912110	CONTROLS	
8913132	8912116	CONTROLS	
8913132	8912122	CONTROLS	
8913132	8912128	CONTROLS	
8913132	8912147	CONTROLS	
8913132	8912151	CONTROLS	
8913132	8912256	CONTROLS	
8913132	8912272	CONTROLS	
8912151	8912159	CONTROLS	
8912151	8912171	CONTROLS	
8912171	8912179	CONTROLS	
8912171	8912151	CONTROLS	
8912171	8912181	CONTROLS	
8912181	8912193	CONTROLS	
8912181	8912151	CONTROLS	
8912181	8912195	CONTROLS	
8912195	8912207	CONTROLS	
8912195	8912151	CONTROLS	
8912195	8912209	CONTROLS	
8912209	8912217	CONTROLS	
8912209	8912151	CONTROLS	
8912209	8912219	CONTROLS	
8912219	8912227	CONTROLS	
8912219	8912151	CONTROLS	
8912219	8912229	CONTROLS	
8912229	8912237	CONTROLS	
8912229	8912151	CONTROLS	
8912229	8912238	CONTROLS	
8912229	8912244	CONTROLS	
8912229	8912254	CONTROLS	
8912256	8912260	CONTROLS	
8912272	8912293	CONTROLS	
8912272	8912304	CONTROLS	
8912272	8912307	CONTROLS	
8912307	8912324	CONTROLS	
8912307	8912335	CONTROLS	
8912307	8912338	CONTROLS	
8912338	8912346	CONTROLS	
8912338	8912390	CONTROLS	
8912338	8912413	CONTROLS	
8912338	8912437	CONTROLS	
8912346	8912353	CONTROLS	
8912346	8912363	CONTROLS	
8912346	8912413	CONTROLS	
8912346	8912437	CONTROLS	
8912346	8912376	CONTROLS	
8912346	8912377	CONTROLS	
8912346	8912378	CONTROLS	
8912346	8912379	CONTROLS	
8912346	8912380	CONTROLS	
8912346	8912381	CONTROLS	
8912346	8912382	CONTROLS	
8912346	8912383	CONTROLS	
8912346	8912384	CONTROLS	
8912346	8912385	CONTROLS	
8912346	8912386	CONTROLS	
8912437	8912439	CONTROLS	
8912437	8912442	CONTROLS	
8912437	8912554	CONTROLS	
8912437	8912558	CONTROLS	
8912442	8912453	CONTROLS	
8912442	8912459	CONTROLS	
8912442	8912465	CONTROLS	
8912442	8912473	CONTROLS	
8912473	8912490	CONTROLS	
8912473	8912496	CONTROLS	
8912473	8912502	CONTROLS	
8912473	8912510	CONTROLS	
8912510	8912515	CONTROLS	
8912510	8912521	CONTROLS	
8912510	8912527	CONTROLS	
8912510	8912535	CONTROLS	
8912510	8912541	CONTROLS	
8912510	8912547	CONTROLS	
8912558	8912566	CONTROLS	
8912558	8912573	CONTROLS	
8912558	8912583	CONTROLS	
8912558	8912599	CONTROLS	
8912558	8912616	CONTROLS	
8912558	8912626	CONTROLS	
8912558	8912647	CONTROLS	
8912558	8912668	CONTROLS	
8912558	8912683	CONTROLS	
8912558	8912705	CONTROLS	
8912558	8912853	CONTROLS	
8912558	8912869	CONTROLS	
8912558	8912885	CONTROLS	
8912558	8912907	CONTROLS	
8912616	8912620	CONTROLS	
8912705	8912711	CONTROLS	
8912705	8913099	CONTROLS	
8912705	8913101	CONTROLS	
8912705	8913108	CONTROLS	
8912705	8913119	CONTROLS	
8912705	8912714	CONTROLS	
8912705	8912722	CONTROLS	
8912705	8912820	CONTROLS	
8912722	8912730	CONTROLS	
8912722	8912736	CONTROLS	
8912722	8912743	CONTROLS	
8912722	8912747	CONTROLS	
8912722	8912726	CONTROLS	
8912747	8912755	CONTROLS	
8912747	8912767	CONTROLS	
8912747	8912773	CONTROLS	
8912747	8912779	CONTROLS	
8912747	8912787	CONTROLS	
8912747	8912809	CONTROLS	
8912747	8912751	CONTROLS	
8912820	8912851	CONTROLS	
8912820	8913099	CONTROLS	
8912820	8913101	CONTROLS	
8912820	8913108	CONTROLS	
8912820	8913119	CONTROLS	
8912820	8912562	CONTROLS	
8912820	8912558	CONTROLS	
8912907	8912913	CONTROLS	
8912907	8913099	CONTROLS	
8912907	8913101	CONTROLS	
8912907	8913108	CONTROLS	
8912907	8913119	CONTROLS	
8912907	8912915	CONTROLS	
8912907	8912941	CONTROLS	
8912941	8912947	CONTROLS	
8912941	8913099	CONTROLS	
8912941	8913101	CONTROLS	
8912941	8913108	CONTROLS	
8912941	8913119	CONTROLS	
8912941	8912949	CONTROLS	
8912941	8912975	CONTROLS	
8912975	8912981	CONTROLS	
8912975	8913099	CONTROLS	
8912975	8913101	CONTROLS	
8912975	8913108	CONTROLS	
8912975	8913119	CONTROLS	
8912975	8912984	CONTROLS	
8912975	8912988	CONTROLS	
8912975	8913097	CONTROLS	
8912988	8912998	CONTROLS	
8912988	8913013	CONTROLS	
8912988	8913029	CONTROLS	
8912988	8913033	CONTROLS	
8912988	8912994	CONTROLS	
8913033	8913041	CONTROLS	
8913033	8913070	CONTROLS	
8913033	8913037	CONTROLS	
8913070	8913077	CONTROLS	
8913070	8913083	CONTROLS	
8913070	8913091	CONTROLS	
8912984	8912988	DOM	
8912573	8912583	DOM	
8912110	8912116	DOM	
8913033	8913041	DOM	
8913033	8912994	DOM	
8912705	8912714	DOM	
8912238	8912244	DOM	
8912324	8912335	DOM	
8912915	8912941	DOM	
8912941	8912947	DOM	
8912256	8912272	DOM	
8912668	8912683	DOM	
8912988	8913097	DOM	
8912147	8912151	DOM	
8912090	8912096	DOM	
8912116	8912122	DOM	
8912599	8912616	DOM	
8912541	8912547	DOM	
8912437	8912442	DOM	
8913099	8913101	DOM	
8912383	8912384	DOM	
8912171	8912181	DOM	
8912442	8912473	DOM	
8912988	8912998	DOM	
8912346	8912353	DOM	
8912307	8912338	DOM	
8912869	8912885	DOM	
8912122	8912128	DOM	
8912047	8912056	DOM	
8912647	8912668	DOM	
8912473	8912490	DOM	
8912096	8912104	DOM	
8912722	8912730	DOM	
8912975	8912981	DOM	
8912128	8912147	DOM	
8912535	8912541	DOM	
8913101	8913108	DOM	
8913077	8913083	DOM	
8912705	8912711	DOM	
8912056	8912062	DOM	
8913070	8913077	DOM	
8912773	8912779	DOM	
8912755	8912767	DOM	
8913029	8913033	DOM	
8912338	8912390	DOM	
8913129	8911993	DOM	
8912104	8912110	DOM	
8912377	8912378	DOM	
8912338	8912413	DOM	
8912307	8912324	DOM	
8912181	8912195	DOM	
8912068	8912076	DOM	
8912747	8912755	DOM	
8912616	8912620	DOM	
8913070	8913037	DOM	
8912510	8912515	DOM	
8912437	8912439	DOM	
8912076	8912084	DOM	
8912907	8912915	DOM	
8913013	8913029	DOM	
8911997	8912001	DOM	
8912219	8912227	DOM	
8912459	8912465	DOM	
8912453	8912459	DOM	
8912442	8912554	DOM	
8912747	8912726	DOM	
8912209	8912219	DOM	
8911993	8911997	DOM	
8912722	8912820	DOM	
8912376	8912377	DOM	
8912181	8912193	DOM	
8912975	8912984	DOM	
8912558	8912566	DOM	
8912683	8912705	DOM	
8912229	8912237	DOM	
8912378	8912379	DOM	
8912272	8913133	DOM	
8912998	8913013	DOM	
8913070	8913091	DOM	
8912496	8912502	DOM	
8912353	8912363	DOM	
8912583	8912599	DOM	
8912020	8912034	DOM	
8913132	8913132	DOM	
8912820	8912562	DOM	
8912521	8912527	DOM	
8912787	8912809	DOM	
8912293	8912304	DOM	
8912442	8912453	DOM	
8912616	8912626	DOM	
8912554	8912558	DOM	
8912229	8912238	DOM	
8913108	8913119	DOM	
8912272	8912307	DOM	
8912941	8912949	DOM	
8912159	8912171	DOM	
8912743	8912747	DOM	
8912626	8912647	DOM	
8912714	8912722	DOM	
8912779	8912787	DOM	
8913041	8913070	DOM	
8912885	8912907	DOM	
8912809	8912751	DOM	
8912510	8912535	DOM	
8912346	8912376	DOM	
8913132	8913129	DOM	
8912413	8912437	DOM	
8912566	8912573	DOM	
8912949	8912975	DOM	
8912001	8912020	DOM	
8912219	8912229	DOM	
8912767	8912773	DOM	
8912151	8912256	DOM	
8912730	8912736	DOM	
8912034	8912047	DOM	
8912171	8912179	DOM	
8912244	8912254	DOM	
8912384	8912385	DOM	
8912062	8912068	DOM	
8912272	8912293	DOM	
8912558	8913099	DOM	
8912907	8912913	DOM	
8912473	8912510	DOM	
8912820	8912851	DOM	
8912381	8912382	DOM	
8912558	8912853	DOM	
8912380	8912381	DOM	
8912084	8912090	DOM	
8912209	8912217	DOM	
8912490	8912496	DOM	
8912515	8912521	DOM	
8912195	8912207	DOM	
8912195	8912209	DOM	
8912379	8912380	DOM	
8912256	8912260	DOM	
8912736	8912743	DOM	
8912338	8912346	DOM	
8912385	8912386	DOM	
8912853	8912869	DOM	
8912151	8912159	DOM	
8912382	8912383	DOM	
8913097	8912988	POST_DOM	
8912599	8912583	POST_DOM	
8912122	8912116	POST_DOM	
8912988	8912994	POST_DOM	
8913070	8913041	POST_DOM	
8912722	8912714	POST_DOM	
8912254	8912244	POST_DOM	
8913133	8912335	POST_DOM	
8913133	8912941	POST_DOM	
8913099	8912947	POST_DOM	
8913133	8912272	POST_DOM	
8913133	8913097	POST_DOM	
8912705	8912683	POST_DOM	
8912256	8912151	POST_DOM	
8912104	8912096	POST_DOM	
8912128	8912122	POST_DOM	
8912626	8912616	POST_DOM	
8912554	8912547	POST_DOM	
8912554	8912442	POST_DOM	
8913108	8913101	POST_DOM	
8912385	8912384	POST_DOM	
8912256	8912181	POST_DOM	
8912554	8912473	POST_DOM	
8913013	8912998	POST_DOM	
8912363	8912353	POST_DOM	
8913133	8912338	POST_DOM	
8912907	8912885	POST_DOM	
8912147	8912128	POST_DOM	
8912062	8912056	POST_DOM	
8912683	8912668	POST_DOM	
8912496	8912490	POST_DOM	
8912110	8912104	POST_DOM	
8912736	8912730	POST_DOM	
8913099	8912981	POST_DOM	
8912151	8912147	POST_DOM	
8912547	8912541	POST_DOM	
8913119	8913108	POST_DOM	
8913037	8913083	POST_DOM	
8913099	8912711	POST_DOM	
8912068	8912062	POST_DOM	
8913083	8913077	POST_DOM	
8912787	8912779	POST_DOM	
8912773	8912767	POST_DOM	
8912994	8913033	POST_DOM	
8912413	8912390	POST_DOM	
8911997	8911993	POST_DOM	
8912116	8912110	POST_DOM	
8912379	8912378	POST_DOM	
8912437	8912413	POST_DOM	
8912335	8912324	POST_DOM	
8912256	8912195	POST_DOM	
8912084	8912076	POST_DOM	
8912767	8912755	POST_DOM	
8912626	8912620	POST_DOM	
8913033	8913037	POST_DOM	
8912521	8912515	POST_DOM	
8913133	8912439	POST_DOM	
8912090	8912084	POST_DOM	
8912941	8912915	POST_DOM	
8913033	8913029	POST_DOM	
8912020	8912001	POST_DOM	
8912151	8912227	POST_DOM	
8912554	8912465	POST_DOM	
8912465	8912459	POST_DOM	
8912558	8912554	POST_DOM	
8912722	8912726	POST_DOM	
8912256	8912219	POST_DOM	
8912001	8911997	POST_DOM	
8913133	8912820	POST_DOM	
8912378	8912377	POST_DOM	
8912151	8912193	POST_DOM	
8912988	8912984	POST_DOM	
8913133	8912705	POST_DOM	
8912573	8912566	POST_DOM	
8912151	8912155	POST_DOM	
8912151	8912237	POST_DOM	
8912380	8912379	POST_DOM	
8913133	8913133	POST_DOM	
8913029	8913013	POST_DOM	
8913037	8913091	POST_DOM	
8912554	8912502	POST_DOM	
8912413	8912363	POST_DOM	
8912616	8912599	POST_DOM	
8912047	8912034	POST_DOM	
8913129	8913132	POST_DOM	
8912554	8912527	POST_DOM	
8912558	8912562	POST_DOM	
8912751	8912809	POST_DOM	
8913133	8912304	POST_DOM	
8912459	8912453	POST_DOM	
8912647	8912626	POST_DOM	
8913133	8912558	POST_DOM	
8912244	8912238	POST_DOM	
8913133	8913119	POST_DOM	
8913133	8912307	POST_DOM	
8912975	8912949	POST_DOM	
8912256	8912171	POST_DOM	
8912726	8912747	POST_DOM	
8912820	8912722	POST_DOM	
8912668	8912647	POST_DOM	
8912809	8912787	POST_DOM	
8913037	8913070	POST_DOM	
8913133	8912907	POST_DOM	
8912541	8912535	POST_DOM	
8912747	8912751	POST_DOM	
8912377	8912376	POST_DOM	
8911993	8913129	POST_DOM	
8913133	8912437	POST_DOM	
8912583	8912573	POST_DOM	
8913133	8912975	POST_DOM	
8912034	8912020	POST_DOM	
8912256	8912229	POST_DOM	
8912779	8912773	POST_DOM	
8912272	8912256	POST_DOM	
8912743	8912736	POST_DOM	
8912056	8912047	POST_DOM	
8912151	8912179	POST_DOM	
8912256	8912254	POST_DOM	
8912386	8912385	POST_DOM	
8912076	8912068	POST_DOM	
8912304	8912293	POST_DOM	
8913101	8913099	POST_DOM	
8913099	8912913	POST_DOM	
8912554	8912510	POST_DOM	
8913099	8912851	POST_DOM	
8912383	8912382	POST_DOM	
8912869	8912853	POST_DOM	
8912382	8912381	POST_DOM	
8912096	8912090	POST_DOM	
8912151	8912217	POST_DOM	
8912502	8912496	POST_DOM	
8912527	8912521	POST_DOM	
8912151	8912207	POST_DOM	
8912256	8912209	POST_DOM	
8912381	8912380	POST_DOM	
8912272	8912260	POST_DOM	
8912747	8912743	POST_DOM	
8913133	8912386	POST_DOM	
8913133	8912346	POST_DOM	
8912885	8912869	POST_DOM	
8912171	8912159	POST_DOM	
8912384	8912383	POST_DOM	
8911990	8911991	IS_FUNCTION_OF_AST	
8911990	8913132	IS_FUNCTION_OF_CFG	
8911989	8911990	IS_FILE_OF	
