start	end	type	var
1459144	1459145	IS_AST_PARENT	
1459144	1459146	IS_AST_PARENT	
1459143	1459144	IS_AST_PARENT	
1459147	1459148	IS_AST_PARENT	
1459147	1459149	IS_AST_PARENT	
1459143	1459147	IS_AST_PARENT	
1459142	1459143	IS_AST_PARENT	
1459151	1459152	IS_AST_PARENT	
1459151	1459153	IS_AST_PARENT	
1459150	1459151	IS_AST_PARENT	
1459142	1459150	IS_AST_PARENT	
1459155	1459156	IS_AST_PARENT	
1459155	1459157	IS_AST_PARENT	
1459154	1459155	IS_AST_PARENT	
1459142	1459154	IS_AST_PARENT	
1459159	1459160	IS_AST_PARENT	
1459159	1459161	IS_AST_PARENT	
1459158	1459159	IS_AST_PARENT	
1459142	1459158	IS_AST_PARENT	
1459164	1459165	IS_AST_PARENT	
1459164	1459166	IS_AST_PARENT	
1459163	1459164	IS_AST_PARENT	
1459162	1459163	IS_AST_PARENT	
1459170	1459171	IS_AST_PARENT	
1459173	1459174	IS_AST_PARENT	
1459172	1459173	IS_AST_PARENT	
1459176	1459177	IS_AST_PARENT	
1459175	1459176	IS_AST_PARENT	
1459172	1459175	IS_AST_PARENT	
1459170	1459172	IS_AST_PARENT	
1459169	1459170	IS_AST_PARENT	
1459168	1459169	IS_AST_PARENT	
1459179	1459180	IS_AST_PARENT	
1459178	1459179	IS_AST_PARENT	
1459168	1459178	IS_AST_PARENT	
1459167	1459168	IS_AST_PARENT	
1459183	1459184	IS_AST_PARENT	
1459183	1459185	IS_AST_PARENT	
1459182	1459183	IS_AST_PARENT	
1459182	1459186	IS_AST_PARENT	
1459181	1459182	IS_AST_PARENT	
1459167	1459181	IS_AST_PARENT	
1459162	1459167	IS_AST_PARENT	
1459142	1459162	IS_AST_PARENT	
1459188	1459189	IS_AST_PARENT	
1459188	1459190	IS_AST_PARENT	
1459187	1459188	IS_AST_PARENT	
1459142	1459187	IS_AST_PARENT	
1459194	1459195	IS_AST_PARENT	
1459193	1459194	IS_AST_PARENT	
1459197	1459198	IS_AST_PARENT	
1459196	1459197	IS_AST_PARENT	
1459193	1459196	IS_AST_PARENT	
1459192	1459193	IS_AST_PARENT	
1459191	1459192	IS_AST_PARENT	
1459202	1459203	IS_AST_PARENT	
1459202	1459204	IS_AST_PARENT	
1459201	1459202	IS_AST_PARENT	
1459201	1459205	IS_AST_PARENT	
1459200	1459201	IS_AST_PARENT	
1459199	1459200	IS_AST_PARENT	
1459191	1459199	IS_AST_PARENT	
1459142	1459191	IS_AST_PARENT	
1459207	1459208	IS_AST_PARENT	
1459210	1459211	IS_AST_PARENT	
1459210	1459212	IS_AST_PARENT	
1459209	1459210	IS_AST_PARENT	
1459213	1459214	IS_AST_PARENT	
1459215	1459216	IS_AST_PARENT	
1459217	1459218	IS_AST_PARENT	
1459219	1459220	IS_AST_PARENT	
1459221	1459222	IS_AST_PARENT	
1459221	1459223	IS_AST_PARENT	
1459219	1459221	IS_AST_PARENT	
1459217	1459219	IS_AST_PARENT	
1459215	1459217	IS_AST_PARENT	
1459213	1459215	IS_AST_PARENT	
1459209	1459213	IS_AST_PARENT	
1459207	1459209	IS_AST_PARENT	
1459206	1459207	IS_AST_PARENT	
1459142	1459206	IS_AST_PARENT	
1459225	1459226	IS_AST_PARENT	
1459227	1459228	IS_AST_PARENT	
1459229	1459230	IS_AST_PARENT	
1459233	1459234	IS_AST_PARENT	
1459233	1459235	IS_AST_PARENT	
1459232	1459233	IS_AST_PARENT	
1459232	1459236	IS_AST_PARENT	
1459231	1459232	IS_AST_PARENT	
1459231	1459237	IS_AST_PARENT	
1459229	1459231	IS_AST_PARENT	
1459227	1459229	IS_AST_PARENT	
1459225	1459227	IS_AST_PARENT	
1459224	1459225	IS_AST_PARENT	
1459142	1459224	IS_AST_PARENT	
1459239	1459240	IS_AST_PARENT	
1459239	1459241	IS_AST_PARENT	
1459238	1459239	IS_AST_PARENT	
1459142	1459238	IS_AST_PARENT	
1459244	1459245	IS_AST_PARENT	
1459244	1459246	IS_AST_PARENT	
1459243	1459244	IS_AST_PARENT	
1459247	1459248	IS_AST_PARENT	
1459249	1459250	IS_AST_PARENT	
1459251	1459252	IS_AST_PARENT	
1459253	1459254	IS_AST_PARENT	
1459255	1459256	IS_AST_PARENT	
1459257	1459258	IS_AST_PARENT	
1459259	1459260	IS_AST_PARENT	
1459259	1459261	IS_AST_PARENT	
1459257	1459259	IS_AST_PARENT	
1459255	1459257	IS_AST_PARENT	
1459253	1459255	IS_AST_PARENT	
1459251	1459253	IS_AST_PARENT	
1459249	1459251	IS_AST_PARENT	
1459247	1459249	IS_AST_PARENT	
1459243	1459247	IS_AST_PARENT	
1459242	1459243	IS_AST_PARENT	
1459142	1459242	IS_AST_PARENT	
1459264	1459265	IS_AST_PARENT	
1459264	1459266	IS_AST_PARENT	
1459263	1459264	IS_AST_PARENT	
1459267	1459268	IS_AST_PARENT	
1459267	1459269	IS_AST_PARENT	
1459263	1459267	IS_AST_PARENT	
1459262	1459263	IS_AST_PARENT	
1459142	1459262	IS_AST_PARENT	
1459276	1459277	IS_AST_PARENT	
1459275	1459276	IS_AST_PARENT	
1459280	1459281	IS_AST_PARENT	
1459280	1459282	IS_AST_PARENT	
1459279	1459280	IS_AST_PARENT	
1459278	1459279	IS_AST_PARENT	
1459275	1459278	IS_AST_PARENT	
1459274	1459275	IS_AST_PARENT	
1459274	1459283	IS_AST_PARENT	
1459273	1459274	IS_AST_PARENT	
1459272	1459273	IS_AST_PARENT	
1459288	1459289	IS_AST_PARENT	
1459288	1459290	IS_AST_PARENT	
1459287	1459288	IS_AST_PARENT	
1459287	1459291	IS_AST_PARENT	
1459286	1459287	IS_AST_PARENT	
1459285	1459286	IS_AST_PARENT	
1459296	1459297	IS_AST_PARENT	
1459296	1459298	IS_AST_PARENT	
1459295	1459296	IS_AST_PARENT	
1459295	1459299	IS_AST_PARENT	
1459294	1459295	IS_AST_PARENT	
1459293	1459294	IS_AST_PARENT	
1459302	1459303	IS_AST_PARENT	
1459304	1459305	IS_AST_PARENT	
1459304	1459306	IS_AST_PARENT	
1459302	1459304	IS_AST_PARENT	
1459301	1459302	IS_AST_PARENT	
1459300	1459301	IS_AST_PARENT	
1459309	1459310	IS_AST_PARENT	
1459309	1459311	IS_AST_PARENT	
1459308	1459309	IS_AST_PARENT	
1459307	1459308	IS_AST_PARENT	
1459315	1459316	IS_AST_PARENT	
1459314	1459315	IS_AST_PARENT	
1459318	1459319	IS_AST_PARENT	
1459317	1459318	IS_AST_PARENT	
1459314	1459317	IS_AST_PARENT	
1459313	1459314	IS_AST_PARENT	
1459312	1459313	IS_AST_PARENT	
1459307	1459312	IS_AST_PARENT	
1459300	1459307	IS_AST_PARENT	
1459300	1459320	IS_AST_PARENT	
1459323	1459324	IS_AST_PARENT	
1459322	1459323	IS_AST_PARENT	
1459326	1459327	IS_AST_PARENT	
1459325	1459326	IS_AST_PARENT	
1459322	1459325	IS_AST_PARENT	
1459321	1459322	IS_AST_PARENT	
1459300	1459321	IS_AST_PARENT	
1459329	1459330	IS_AST_PARENT	
1459331	1459332	IS_AST_PARENT	
1459331	1459333	IS_AST_PARENT	
1459329	1459331	IS_AST_PARENT	
1459328	1459329	IS_AST_PARENT	
1459300	1459328	IS_AST_PARENT	
1459300	1459334	IS_AST_PARENT	
1459293	1459300	IS_AST_PARENT	
1459292	1459293	IS_AST_PARENT	
1459285	1459292	IS_AST_PARENT	
1459284	1459285	IS_AST_PARENT	
1459336	1459337	IS_AST_PARENT	
1459336	1459338	IS_AST_PARENT	
1459335	1459336	IS_AST_PARENT	
1459284	1459335	IS_AST_PARENT	
1459342	1459343	IS_AST_PARENT	
1459344	1459345	IS_AST_PARENT	
1459344	1459346	IS_AST_PARENT	
1459342	1459344	IS_AST_PARENT	
1459341	1459342	IS_AST_PARENT	
1459340	1459341	IS_AST_PARENT	
1459350	1459351	IS_AST_PARENT	
1459349	1459350	IS_AST_PARENT	
1459353	1459354	IS_AST_PARENT	
1459352	1459353	IS_AST_PARENT	
1459349	1459352	IS_AST_PARENT	
1459348	1459349	IS_AST_PARENT	
1459347	1459348	IS_AST_PARENT	
1459359	1459360	IS_AST_PARENT	
1459358	1459359	IS_AST_PARENT	
1459364	1459365	IS_AST_PARENT	
1459364	1459366	IS_AST_PARENT	
1459363	1459364	IS_AST_PARENT	
1459363	1459367	IS_AST_PARENT	
1459362	1459363	IS_AST_PARENT	
1459361	1459362	IS_AST_PARENT	
1459358	1459361	IS_AST_PARENT	
1459357	1459358	IS_AST_PARENT	
1459356	1459357	IS_AST_PARENT	
1459370	1459371	IS_AST_PARENT	
1459370	1459372	IS_AST_PARENT	
1459369	1459370	IS_AST_PARENT	
1459368	1459369	IS_AST_PARENT	
1459356	1459368	IS_AST_PARENT	
1459355	1459356	IS_AST_PARENT	
1459375	1459376	IS_AST_PARENT	
1459375	1459377	IS_AST_PARENT	
1459374	1459375	IS_AST_PARENT	
1459373	1459374	IS_AST_PARENT	
1459381	1459382	IS_AST_PARENT	
1459381	1459383	IS_AST_PARENT	
1459380	1459381	IS_AST_PARENT	
1459380	1459384	IS_AST_PARENT	
1459379	1459380	IS_AST_PARENT	
1459378	1459379	IS_AST_PARENT	
1459387	1459388	IS_AST_PARENT	
1459387	1459389	IS_AST_PARENT	
1459386	1459387	IS_AST_PARENT	
1459386	1459390	IS_AST_PARENT	
1459385	1459386	IS_AST_PARENT	
1459378	1459385	IS_AST_PARENT	
1459393	1459394	IS_AST_PARENT	
1459392	1459393	IS_AST_PARENT	
1459396	1459397	IS_AST_PARENT	
1459395	1459396	IS_AST_PARENT	
1459392	1459395	IS_AST_PARENT	
1459391	1459392	IS_AST_PARENT	
1459378	1459391	IS_AST_PARENT	
1459373	1459378	IS_AST_PARENT	
1459355	1459373	IS_AST_PARENT	
1459355	1459398	IS_AST_PARENT	
1459355	1459399	IS_AST_PARENT	
1459355	1459400	IS_AST_PARENT	
1459355	1459401	IS_AST_PARENT	
1459355	1459402	IS_AST_PARENT	
1459355	1459403	IS_AST_PARENT	
1459355	1459404	IS_AST_PARENT	
1459355	1459405	IS_AST_PARENT	
1459355	1459406	IS_AST_PARENT	
1459355	1459407	IS_AST_PARENT	
1459355	1459408	IS_AST_PARENT	
1459355	1459409	IS_AST_PARENT	
1459355	1459410	IS_AST_PARENT	
1459355	1459411	IS_AST_PARENT	
1459355	1459412	IS_AST_PARENT	
1459355	1459413	IS_AST_PARENT	
1459355	1459414	IS_AST_PARENT	
1459355	1459415	IS_AST_PARENT	
1459355	1459416	IS_AST_PARENT	
1459355	1459417	IS_AST_PARENT	
1459355	1459418	IS_AST_PARENT	
1459355	1459419	IS_AST_PARENT	
1459355	1459420	IS_AST_PARENT	
1459355	1459421	IS_AST_PARENT	
1459355	1459422	IS_AST_PARENT	
1459355	1459423	IS_AST_PARENT	
1459355	1459424	IS_AST_PARENT	
1459355	1459425	IS_AST_PARENT	
1459355	1459426	IS_AST_PARENT	
1459429	1459430	IS_AST_PARENT	
1459429	1459431	IS_AST_PARENT	
1459428	1459429	IS_AST_PARENT	
1459427	1459428	IS_AST_PARENT	
1459435	1459436	IS_AST_PARENT	
1459435	1459437	IS_AST_PARENT	
1459434	1459435	IS_AST_PARENT	
1459434	1459438	IS_AST_PARENT	
1459433	1459434	IS_AST_PARENT	
1459432	1459433	IS_AST_PARENT	
1459441	1459442	IS_AST_PARENT	
1459441	1459443	IS_AST_PARENT	
1459440	1459441	IS_AST_PARENT	
1459440	1459444	IS_AST_PARENT	
1459439	1459440	IS_AST_PARENT	
1459432	1459439	IS_AST_PARENT	
1459447	1459448	IS_AST_PARENT	
1459447	1459449	IS_AST_PARENT	
1459446	1459447	IS_AST_PARENT	
1459446	1459450	IS_AST_PARENT	
1459445	1459446	IS_AST_PARENT	
1459432	1459445	IS_AST_PARENT	
1459453	1459454	IS_AST_PARENT	
1459452	1459453	IS_AST_PARENT	
1459456	1459457	IS_AST_PARENT	
1459455	1459456	IS_AST_PARENT	
1459452	1459455	IS_AST_PARENT	
1459451	1459452	IS_AST_PARENT	
1459432	1459451	IS_AST_PARENT	
1459427	1459432	IS_AST_PARENT	
1459355	1459427	IS_AST_PARENT	
1459460	1459461	IS_AST_PARENT	
1459460	1459462	IS_AST_PARENT	
1459459	1459460	IS_AST_PARENT	
1459458	1459459	IS_AST_PARENT	
1459466	1459467	IS_AST_PARENT	
1459465	1459466	IS_AST_PARENT	
1459469	1459470	IS_AST_PARENT	
1459468	1459469	IS_AST_PARENT	
1459471	1459472	IS_AST_PARENT	
1459468	1459471	IS_AST_PARENT	
1459465	1459468	IS_AST_PARENT	
1459464	1459465	IS_AST_PARENT	
1459463	1459464	IS_AST_PARENT	
1459475	1459476	IS_AST_PARENT	
1459474	1459475	IS_AST_PARENT	
1459478	1459479	IS_AST_PARENT	
1459477	1459478	IS_AST_PARENT	
1459474	1459477	IS_AST_PARENT	
1459473	1459474	IS_AST_PARENT	
1459463	1459473	IS_AST_PARENT	
1459482	1459483	IS_AST_PARENT	
1459482	1459484	IS_AST_PARENT	
1459481	1459482	IS_AST_PARENT	
1459481	1459485	IS_AST_PARENT	
1459480	1459481	IS_AST_PARENT	
1459463	1459480	IS_AST_PARENT	
1459488	1459489	IS_AST_PARENT	
1459487	1459488	IS_AST_PARENT	
1459491	1459492	IS_AST_PARENT	
1459490	1459491	IS_AST_PARENT	
1459487	1459490	IS_AST_PARENT	
1459486	1459487	IS_AST_PARENT	
1459463	1459486	IS_AST_PARENT	
1459458	1459463	IS_AST_PARENT	
1459496	1459497	IS_AST_PARENT	
1459496	1459498	IS_AST_PARENT	
1459495	1459496	IS_AST_PARENT	
1459494	1459495	IS_AST_PARENT	
1459502	1459503	IS_AST_PARENT	
1459501	1459502	IS_AST_PARENT	
1459505	1459506	IS_AST_PARENT	
1459504	1459505	IS_AST_PARENT	
1459501	1459504	IS_AST_PARENT	
1459500	1459501	IS_AST_PARENT	
1459499	1459500	IS_AST_PARENT	
1459494	1459499	IS_AST_PARENT	
1459511	1459512	IS_AST_PARENT	
1459511	1459513	IS_AST_PARENT	
1459510	1459511	IS_AST_PARENT	
1459510	1459514	IS_AST_PARENT	
1459509	1459510	IS_AST_PARENT	
1459508	1459509	IS_AST_PARENT	
1459519	1459520	IS_AST_PARENT	
1459519	1459521	IS_AST_PARENT	
1459518	1459519	IS_AST_PARENT	
1459522	1459523	IS_AST_PARENT	
1459525	1459526	IS_AST_PARENT	
1459525	1459527	IS_AST_PARENT	
1459524	1459525	IS_AST_PARENT	
1459524	1459528	IS_AST_PARENT	
1459522	1459524	IS_AST_PARENT	
1459518	1459522	IS_AST_PARENT	
1459517	1459518	IS_AST_PARENT	
1459516	1459517	IS_AST_PARENT	
1459532	1459533	IS_AST_PARENT	
1459531	1459532	IS_AST_PARENT	
1459535	1459536	IS_AST_PARENT	
1459534	1459535	IS_AST_PARENT	
1459537	1459538	IS_AST_PARENT	
1459534	1459537	IS_AST_PARENT	
1459531	1459534	IS_AST_PARENT	
1459530	1459531	IS_AST_PARENT	
1459529	1459530	IS_AST_PARENT	
1459541	1459542	IS_AST_PARENT	
1459541	1459543	IS_AST_PARENT	
1459540	1459541	IS_AST_PARENT	
1459540	1459544	IS_AST_PARENT	
1459539	1459540	IS_AST_PARENT	
1459529	1459539	IS_AST_PARENT	
1459547	1459548	IS_AST_PARENT	
1459546	1459547	IS_AST_PARENT	
1459550	1459551	IS_AST_PARENT	
1459549	1459550	IS_AST_PARENT	
1459546	1459549	IS_AST_PARENT	
1459545	1459546	IS_AST_PARENT	
1459529	1459545	IS_AST_PARENT	
1459553	1459554	IS_AST_PARENT	
1459553	1459555	IS_AST_PARENT	
1459552	1459553	IS_AST_PARENT	
1459529	1459552	IS_AST_PARENT	
1459516	1459529	IS_AST_PARENT	
1459560	1459561	IS_AST_PARENT	
1459560	1459562	IS_AST_PARENT	
1459559	1459560	IS_AST_PARENT	
1459563	1459564	IS_AST_PARENT	
1459566	1459567	IS_AST_PARENT	
1459566	1459568	IS_AST_PARENT	
1459565	1459566	IS_AST_PARENT	
1459565	1459569	IS_AST_PARENT	
1459563	1459565	IS_AST_PARENT	
1459559	1459563	IS_AST_PARENT	
1459558	1459559	IS_AST_PARENT	
1459557	1459558	IS_AST_PARENT	
1459573	1459574	IS_AST_PARENT	
1459573	1459575	IS_AST_PARENT	
1459572	1459573	IS_AST_PARENT	
1459572	1459576	IS_AST_PARENT	
1459571	1459572	IS_AST_PARENT	
1459570	1459571	IS_AST_PARENT	
1459579	1459580	IS_AST_PARENT	
1459579	1459581	IS_AST_PARENT	
1459578	1459579	IS_AST_PARENT	
1459578	1459582	IS_AST_PARENT	
1459577	1459578	IS_AST_PARENT	
1459570	1459577	IS_AST_PARENT	
1459585	1459586	IS_AST_PARENT	
1459584	1459585	IS_AST_PARENT	
1459588	1459589	IS_AST_PARENT	
1459587	1459588	IS_AST_PARENT	
1459590	1459591	IS_AST_PARENT	
1459587	1459590	IS_AST_PARENT	
1459592	1459593	IS_AST_PARENT	
1459587	1459592	IS_AST_PARENT	
1459584	1459587	IS_AST_PARENT	
1459583	1459584	IS_AST_PARENT	
1459570	1459583	IS_AST_PARENT	
1459595	1459596	IS_AST_PARENT	
1459595	1459597	IS_AST_PARENT	
1459594	1459595	IS_AST_PARENT	
1459570	1459594	IS_AST_PARENT	
1459557	1459570	IS_AST_PARENT	
1459601	1459602	IS_AST_PARENT	
1459601	1459603	IS_AST_PARENT	
1459600	1459601	IS_AST_PARENT	
1459599	1459600	IS_AST_PARENT	
1459607	1459608	IS_AST_PARENT	
1459607	1459609	IS_AST_PARENT	
1459606	1459607	IS_AST_PARENT	
1459606	1459610	IS_AST_PARENT	
1459605	1459606	IS_AST_PARENT	
1459604	1459605	IS_AST_PARENT	
1459613	1459614	IS_AST_PARENT	
1459612	1459613	IS_AST_PARENT	
1459616	1459617	IS_AST_PARENT	
1459615	1459616	IS_AST_PARENT	
1459618	1459619	IS_AST_PARENT	
1459615	1459618	IS_AST_PARENT	
1459620	1459621	IS_AST_PARENT	
1459615	1459620	IS_AST_PARENT	
1459612	1459615	IS_AST_PARENT	
1459611	1459612	IS_AST_PARENT	
1459604	1459611	IS_AST_PARENT	
1459623	1459624	IS_AST_PARENT	
1459623	1459625	IS_AST_PARENT	
1459622	1459623	IS_AST_PARENT	
1459604	1459622	IS_AST_PARENT	
1459599	1459604	IS_AST_PARENT	
1459630	1459631	IS_AST_PARENT	
1459630	1459632	IS_AST_PARENT	
1459629	1459630	IS_AST_PARENT	
1459636	1459637	IS_AST_PARENT	
1459636	1459638	IS_AST_PARENT	
1459635	1459636	IS_AST_PARENT	
1459635	1459639	IS_AST_PARENT	
1459634	1459635	IS_AST_PARENT	
1459641	1459642	IS_AST_PARENT	
1459641	1459643	IS_AST_PARENT	
1459640	1459641	IS_AST_PARENT	
1459640	1459644	IS_AST_PARENT	
1459634	1459640	IS_AST_PARENT	
1459633	1459634	IS_AST_PARENT	
1459646	1459647	IS_AST_PARENT	
1459649	1459650	IS_AST_PARENT	
1459649	1459651	IS_AST_PARENT	
1459648	1459649	IS_AST_PARENT	
1459648	1459652	IS_AST_PARENT	
1459646	1459648	IS_AST_PARENT	
1459645	1459646	IS_AST_PARENT	
1459655	1459656	IS_AST_PARENT	
1459655	1459657	IS_AST_PARENT	
1459654	1459655	IS_AST_PARENT	
1459654	1459658	IS_AST_PARENT	
1459653	1459654	IS_AST_PARENT	
1459659	1459660	IS_AST_PARENT	
1459662	1459663	IS_AST_PARENT	
1459662	1459664	IS_AST_PARENT	
1459661	1459662	IS_AST_PARENT	
1459661	1459665	IS_AST_PARENT	
1459659	1459661	IS_AST_PARENT	
1459653	1459659	IS_AST_PARENT	
1459645	1459653	IS_AST_PARENT	
1459633	1459645	IS_AST_PARENT	
1459629	1459633	IS_AST_PARENT	
1459628	1459629	IS_AST_PARENT	
1459627	1459628	IS_AST_PARENT	
1459668	1459669	IS_AST_PARENT	
1459668	1459670	IS_AST_PARENT	
1459667	1459668	IS_AST_PARENT	
1459666	1459667	IS_AST_PARENT	
1459673	1459674	IS_AST_PARENT	
1459672	1459673	IS_AST_PARENT	
1459676	1459677	IS_AST_PARENT	
1459675	1459676	IS_AST_PARENT	
1459678	1459679	IS_AST_PARENT	
1459675	1459678	IS_AST_PARENT	
1459672	1459675	IS_AST_PARENT	
1459671	1459672	IS_AST_PARENT	
1459666	1459671	IS_AST_PARENT	
1459682	1459683	IS_AST_PARENT	
1459682	1459684	IS_AST_PARENT	
1459681	1459682	IS_AST_PARENT	
1459685	1459686	IS_AST_PARENT	
1459687	1459688	IS_AST_PARENT	
1459687	1459689	IS_AST_PARENT	
1459685	1459687	IS_AST_PARENT	
1459681	1459685	IS_AST_PARENT	
1459680	1459681	IS_AST_PARENT	
1459666	1459680	IS_AST_PARENT	
1459691	1459692	IS_AST_PARENT	
1459694	1459695	IS_AST_PARENT	
1459693	1459694	IS_AST_PARENT	
1459697	1459698	IS_AST_PARENT	
1459696	1459697	IS_AST_PARENT	
1459693	1459696	IS_AST_PARENT	
1459691	1459693	IS_AST_PARENT	
1459690	1459691	IS_AST_PARENT	
1459666	1459690	IS_AST_PARENT	
1459701	1459702	IS_AST_PARENT	
1459700	1459701	IS_AST_PARENT	
1459704	1459705	IS_AST_PARENT	
1459703	1459704	IS_AST_PARENT	
1459706	1459707	IS_AST_PARENT	
1459703	1459706	IS_AST_PARENT	
1459708	1459709	IS_AST_PARENT	
1459703	1459708	IS_AST_PARENT	
1459700	1459703	IS_AST_PARENT	
1459699	1459700	IS_AST_PARENT	
1459666	1459699	IS_AST_PARENT	
1459712	1459713	IS_AST_PARENT	
1459711	1459712	IS_AST_PARENT	
1459715	1459716	IS_AST_PARENT	
1459714	1459715	IS_AST_PARENT	
1459717	1459718	IS_AST_PARENT	
1459714	1459717	IS_AST_PARENT	
1459719	1459720	IS_AST_PARENT	
1459714	1459719	IS_AST_PARENT	
1459711	1459714	IS_AST_PARENT	
1459710	1459711	IS_AST_PARENT	
1459666	1459710	IS_AST_PARENT	
1459722	1459723	IS_AST_PARENT	
1459722	1459724	IS_AST_PARENT	
1459721	1459722	IS_AST_PARENT	
1459666	1459721	IS_AST_PARENT	
1459627	1459666	IS_AST_PARENT	
1459729	1459730	IS_AST_PARENT	
1459729	1459731	IS_AST_PARENT	
1459728	1459729	IS_AST_PARENT	
1459734	1459735	IS_AST_PARENT	
1459734	1459736	IS_AST_PARENT	
1459733	1459734	IS_AST_PARENT	
1459733	1459737	IS_AST_PARENT	
1459732	1459733	IS_AST_PARENT	
1459738	1459739	IS_AST_PARENT	
1459741	1459742	IS_AST_PARENT	
1459741	1459743	IS_AST_PARENT	
1459740	1459741	IS_AST_PARENT	
1459740	1459744	IS_AST_PARENT	
1459738	1459740	IS_AST_PARENT	
1459732	1459738	IS_AST_PARENT	
1459728	1459732	IS_AST_PARENT	
1459727	1459728	IS_AST_PARENT	
1459726	1459727	IS_AST_PARENT	
1459747	1459748	IS_AST_PARENT	
1459747	1459749	IS_AST_PARENT	
1459746	1459747	IS_AST_PARENT	
1459745	1459746	IS_AST_PARENT	
1459752	1459753	IS_AST_PARENT	
1459751	1459752	IS_AST_PARENT	
1459755	1459756	IS_AST_PARENT	
1459754	1459755	IS_AST_PARENT	
1459757	1459758	IS_AST_PARENT	
1459754	1459757	IS_AST_PARENT	
1459751	1459754	IS_AST_PARENT	
1459750	1459751	IS_AST_PARENT	
1459745	1459750	IS_AST_PARENT	
1459745	1459759	IS_AST_PARENT	
1459745	1459760	IS_AST_PARENT	
1459745	1459761	IS_AST_PARENT	
1459745	1459762	IS_AST_PARENT	
1459745	1459763	IS_AST_PARENT	
1459745	1459764	IS_AST_PARENT	
1459745	1459765	IS_AST_PARENT	
1459745	1459766	IS_AST_PARENT	
1459745	1459767	IS_AST_PARENT	
1459745	1459768	IS_AST_PARENT	
1459745	1459769	IS_AST_PARENT	
1459745	1459770	IS_AST_PARENT	
1459745	1459771	IS_AST_PARENT	
1459745	1459772	IS_AST_PARENT	
1459745	1459773	IS_AST_PARENT	
1459745	1459774	IS_AST_PARENT	
1459745	1459775	IS_AST_PARENT	
1459745	1459776	IS_AST_PARENT	
1459745	1459777	IS_AST_PARENT	
1459780	1459781	IS_AST_PARENT	
1459779	1459780	IS_AST_PARENT	
1459783	1459784	IS_AST_PARENT	
1459782	1459783	IS_AST_PARENT	
1459785	1459786	IS_AST_PARENT	
1459782	1459785	IS_AST_PARENT	
1459787	1459788	IS_AST_PARENT	
1459782	1459787	IS_AST_PARENT	
1459779	1459782	IS_AST_PARENT	
1459778	1459779	IS_AST_PARENT	
1459745	1459778	IS_AST_PARENT	
1459791	1459792	IS_AST_PARENT	
1459790	1459791	IS_AST_PARENT	
1459794	1459795	IS_AST_PARENT	
1459793	1459794	IS_AST_PARENT	
1459796	1459797	IS_AST_PARENT	
1459793	1459796	IS_AST_PARENT	
1459798	1459799	IS_AST_PARENT	
1459793	1459798	IS_AST_PARENT	
1459790	1459793	IS_AST_PARENT	
1459789	1459790	IS_AST_PARENT	
1459745	1459789	IS_AST_PARENT	
1459802	1459803	IS_AST_PARENT	
1459802	1459804	IS_AST_PARENT	
1459801	1459802	IS_AST_PARENT	
1459801	1459805	IS_AST_PARENT	
1459800	1459801	IS_AST_PARENT	
1459745	1459800	IS_AST_PARENT	
1459807	1459808	IS_AST_PARENT	
1459807	1459809	IS_AST_PARENT	
1459806	1459807	IS_AST_PARENT	
1459745	1459806	IS_AST_PARENT	
1459726	1459745	IS_AST_PARENT	
1459725	1459726	IS_AST_PARENT	
1459627	1459725	IS_AST_PARENT	
1459626	1459627	IS_AST_PARENT	
1459599	1459626	IS_AST_PARENT	
1459598	1459599	IS_AST_PARENT	
1459557	1459598	IS_AST_PARENT	
1459556	1459557	IS_AST_PARENT	
1459516	1459556	IS_AST_PARENT	
1459515	1459516	IS_AST_PARENT	
1459508	1459515	IS_AST_PARENT	
1459507	1459508	IS_AST_PARENT	
1459494	1459507	IS_AST_PARENT	
1459493	1459494	IS_AST_PARENT	
1459458	1459493	IS_AST_PARENT	
1459355	1459458	IS_AST_PARENT	
1459813	1459814	IS_AST_PARENT	
1459813	1459815	IS_AST_PARENT	
1459812	1459813	IS_AST_PARENT	
1459812	1459816	IS_AST_PARENT	
1459811	1459812	IS_AST_PARENT	
1459810	1459811	IS_AST_PARENT	
1459820	1459821	IS_AST_PARENT	
1459820	1459822	IS_AST_PARENT	
1459819	1459820	IS_AST_PARENT	
1459819	1459823	IS_AST_PARENT	
1459818	1459819	IS_AST_PARENT	
1459817	1459818	IS_AST_PARENT	
1459825	1459826	IS_AST_PARENT	
1459825	1459827	IS_AST_PARENT	
1459824	1459825	IS_AST_PARENT	
1459817	1459824	IS_AST_PARENT	
1459810	1459817	IS_AST_PARENT	
1459355	1459810	IS_AST_PARENT	
1459347	1459355	IS_AST_PARENT	
1459340	1459347	IS_AST_PARENT	
1459831	1459832	IS_AST_PARENT	
1459830	1459831	IS_AST_PARENT	
1459835	1459836	IS_AST_PARENT	
1459835	1459837	IS_AST_PARENT	
1459834	1459835	IS_AST_PARENT	
1459833	1459834	IS_AST_PARENT	
1459830	1459833	IS_AST_PARENT	
1459829	1459830	IS_AST_PARENT	
1459828	1459829	IS_AST_PARENT	
1459841	1459842	IS_AST_PARENT	
1459841	1459843	IS_AST_PARENT	
1459840	1459841	IS_AST_PARENT	
1459840	1459844	IS_AST_PARENT	
1459839	1459840	IS_AST_PARENT	
1459838	1459839	IS_AST_PARENT	
1459847	1459848	IS_AST_PARENT	
1459847	1459849	IS_AST_PARENT	
1459846	1459847	IS_AST_PARENT	
1459846	1459850	IS_AST_PARENT	
1459845	1459846	IS_AST_PARENT	
1459838	1459845	IS_AST_PARENT	
1459853	1459854	IS_AST_PARENT	
1459852	1459853	IS_AST_PARENT	
1459856	1459857	IS_AST_PARENT	
1459855	1459856	IS_AST_PARENT	
1459852	1459855	IS_AST_PARENT	
1459851	1459852	IS_AST_PARENT	
1459838	1459851	IS_AST_PARENT	
1459828	1459838	IS_AST_PARENT	
1459340	1459828	IS_AST_PARENT	
1459861	1459862	IS_AST_PARENT	
1459860	1459861	IS_AST_PARENT	
1459864	1459865	IS_AST_PARENT	
1459863	1459864	IS_AST_PARENT	
1459860	1459863	IS_AST_PARENT	
1459859	1459860	IS_AST_PARENT	
1459858	1459859	IS_AST_PARENT	
1459869	1459870	IS_AST_PARENT	
1459869	1459871	IS_AST_PARENT	
1459868	1459869	IS_AST_PARENT	
1459873	1459874	IS_AST_PARENT	
1459873	1459875	IS_AST_PARENT	
1459872	1459873	IS_AST_PARENT	
1459878	1459879	IS_AST_PARENT	
1459877	1459878	IS_AST_PARENT	
1459881	1459882	IS_AST_PARENT	
1459880	1459881	IS_AST_PARENT	
1459883	1459884	IS_AST_PARENT	
1459880	1459883	IS_AST_PARENT	
1459877	1459880	IS_AST_PARENT	
1459876	1459877	IS_AST_PARENT	
1459885	1459886	IS_AST_PARENT	
1459885	1459887	IS_AST_PARENT	
1459876	1459885	IS_AST_PARENT	
1459872	1459876	IS_AST_PARENT	
1459868	1459872	IS_AST_PARENT	
1459867	1459868	IS_AST_PARENT	
1459866	1459867	IS_AST_PARENT	
1459890	1459891	IS_AST_PARENT	
1459889	1459890	IS_AST_PARENT	
1459893	1459894	IS_AST_PARENT	
1459892	1459893	IS_AST_PARENT	
1459895	1459896	IS_AST_PARENT	
1459892	1459895	IS_AST_PARENT	
1459889	1459892	IS_AST_PARENT	
1459888	1459889	IS_AST_PARENT	
1459866	1459888	IS_AST_PARENT	
1459899	1459900	IS_AST_PARENT	
1459899	1459901	IS_AST_PARENT	
1459898	1459899	IS_AST_PARENT	
1459902	1459903	IS_AST_PARENT	
1459904	1459905	IS_AST_PARENT	
1459906	1459907	IS_AST_PARENT	
1459908	1459909	IS_AST_PARENT	
1459910	1459911	IS_AST_PARENT	
1459912	1459913	IS_AST_PARENT	
1459914	1459915	IS_AST_PARENT	
1459914	1459916	IS_AST_PARENT	
1459912	1459914	IS_AST_PARENT	
1459910	1459912	IS_AST_PARENT	
1459908	1459910	IS_AST_PARENT	
1459906	1459908	IS_AST_PARENT	
1459904	1459906	IS_AST_PARENT	
1459902	1459904	IS_AST_PARENT	
1459898	1459902	IS_AST_PARENT	
1459897	1459898	IS_AST_PARENT	
1459866	1459897	IS_AST_PARENT	
1459858	1459866	IS_AST_PARENT	
1459340	1459858	IS_AST_PARENT	
1459919	1459920	IS_AST_PARENT	
1459918	1459919	IS_AST_PARENT	
1459923	1459924	IS_AST_PARENT	
1459923	1459925	IS_AST_PARENT	
1459922	1459923	IS_AST_PARENT	
1459921	1459922	IS_AST_PARENT	
1459918	1459921	IS_AST_PARENT	
1459917	1459918	IS_AST_PARENT	
1459340	1459917	IS_AST_PARENT	
1459927	1459928	IS_AST_PARENT	
1459930	1459931	IS_AST_PARENT	
1459929	1459930	IS_AST_PARENT	
1459933	1459934	IS_AST_PARENT	
1459932	1459933	IS_AST_PARENT	
1459929	1459932	IS_AST_PARENT	
1459927	1459929	IS_AST_PARENT	
1459926	1459927	IS_AST_PARENT	
1459340	1459926	IS_AST_PARENT	
1459936	1459937	IS_AST_PARENT	
1459935	1459936	IS_AST_PARENT	
1459940	1459941	IS_AST_PARENT	
1459940	1459942	IS_AST_PARENT	
1459939	1459940	IS_AST_PARENT	
1459938	1459939	IS_AST_PARENT	
1459944	1459945	IS_AST_PARENT	
1459944	1459946	IS_AST_PARENT	
1459943	1459944	IS_AST_PARENT	
1459938	1459943	IS_AST_PARENT	
1459935	1459938	IS_AST_PARENT	
1459340	1459935	IS_AST_PARENT	
1459340	1459947	IS_AST_PARENT	
1459340	1459948	IS_AST_PARENT	
1459340	1459949	IS_AST_PARENT	
1459340	1459950	IS_AST_PARENT	
1459340	1459951	IS_AST_PARENT	
1459340	1459952	IS_AST_PARENT	
1459340	1459953	IS_AST_PARENT	
1459340	1459954	IS_AST_PARENT	
1459340	1459955	IS_AST_PARENT	
1459340	1459956	IS_AST_PARENT	
1459340	1459957	IS_AST_PARENT	
1459340	1459958	IS_AST_PARENT	
1459340	1459959	IS_AST_PARENT	
1459340	1459960	IS_AST_PARENT	
1459340	1459961	IS_AST_PARENT	
1459340	1459962	IS_AST_PARENT	
1459340	1459963	IS_AST_PARENT	
1459340	1459964	IS_AST_PARENT	
1459340	1459965	IS_AST_PARENT	
1459340	1459966	IS_AST_PARENT	
1459340	1459967	IS_AST_PARENT	
1459340	1459968	IS_AST_PARENT	
1459340	1459969	IS_AST_PARENT	
1459340	1459970	IS_AST_PARENT	
1459340	1459971	IS_AST_PARENT	
1459340	1459972	IS_AST_PARENT	
1459340	1459973	IS_AST_PARENT	
1459977	1459978	IS_AST_PARENT	
1459977	1459979	IS_AST_PARENT	
1459976	1459977	IS_AST_PARENT	
1459982	1459983	IS_AST_PARENT	
1459982	1459984	IS_AST_PARENT	
1459981	1459982	IS_AST_PARENT	
1459981	1459985	IS_AST_PARENT	
1459980	1459981	IS_AST_PARENT	
1459986	1459987	IS_AST_PARENT	
1459986	1459988	IS_AST_PARENT	
1459980	1459986	IS_AST_PARENT	
1459976	1459980	IS_AST_PARENT	
1459975	1459976	IS_AST_PARENT	
1459974	1459975	IS_AST_PARENT	
1459992	1459993	IS_AST_PARENT	
1459991	1459992	IS_AST_PARENT	
1459996	1459997	IS_AST_PARENT	
1459998	1459999	IS_AST_PARENT	
1459998	1460000	IS_AST_PARENT	
1459996	1459998	IS_AST_PARENT	
1459995	1459996	IS_AST_PARENT	
1459994	1459995	IS_AST_PARENT	
1460002	1460003	IS_AST_PARENT	
1460002	1460004	IS_AST_PARENT	
1460001	1460002	IS_AST_PARENT	
1459994	1460001	IS_AST_PARENT	
1460005	1460006	IS_AST_PARENT	
1459994	1460005	IS_AST_PARENT	
1459991	1459994	IS_AST_PARENT	
1459990	1459991	IS_AST_PARENT	
1459989	1459990	IS_AST_PARENT	
1459974	1459989	IS_AST_PARENT	
1459340	1459974	IS_AST_PARENT	
1460009	1460010	IS_AST_PARENT	
1460008	1460009	IS_AST_PARENT	
1460013	1460014	IS_AST_PARENT	
1460013	1460015	IS_AST_PARENT	
1460012	1460013	IS_AST_PARENT	
1460011	1460012	IS_AST_PARENT	
1460008	1460011	IS_AST_PARENT	
1460007	1460008	IS_AST_PARENT	
1459340	1460007	IS_AST_PARENT	
1460018	1460019	IS_AST_PARENT	
1460018	1460020	IS_AST_PARENT	
1460017	1460018	IS_AST_PARENT	
1460017	1460021	IS_AST_PARENT	
1460016	1460017	IS_AST_PARENT	
1459340	1460016	IS_AST_PARENT	
1460024	1460025	IS_AST_PARENT	
1460023	1460024	IS_AST_PARENT	
1460023	1460026	IS_AST_PARENT	
1460022	1460023	IS_AST_PARENT	
1459340	1460022	IS_AST_PARENT	
1460030	1460031	IS_AST_PARENT	
1460029	1460030	IS_AST_PARENT	
1460034	1460035	IS_AST_PARENT	
1460036	1460037	IS_AST_PARENT	
1460036	1460038	IS_AST_PARENT	
1460034	1460036	IS_AST_PARENT	
1460033	1460034	IS_AST_PARENT	
1460032	1460033	IS_AST_PARENT	
1460029	1460032	IS_AST_PARENT	
1460028	1460029	IS_AST_PARENT	
1460027	1460028	IS_AST_PARENT	
1460041	1460042	IS_AST_PARENT	
1460043	1460044	IS_AST_PARENT	
1460043	1460045	IS_AST_PARENT	
1460041	1460043	IS_AST_PARENT	
1460040	1460041	IS_AST_PARENT	
1460039	1460040	IS_AST_PARENT	
1460047	1460048	IS_AST_PARENT	
1460050	1460051	IS_AST_PARENT	
1460049	1460050	IS_AST_PARENT	
1460053	1460054	IS_AST_PARENT	
1460052	1460053	IS_AST_PARENT	
1460055	1460056	IS_AST_PARENT	
1460052	1460055	IS_AST_PARENT	
1460049	1460052	IS_AST_PARENT	
1460047	1460049	IS_AST_PARENT	
1460046	1460047	IS_AST_PARENT	
1460039	1460046	IS_AST_PARENT	
1460060	1460061	IS_AST_PARENT	
1460060	1460062	IS_AST_PARENT	
1460059	1460060	IS_AST_PARENT	
1460059	1460063	IS_AST_PARENT	
1460058	1460059	IS_AST_PARENT	
1460057	1460058	IS_AST_PARENT	
1460066	1460067	IS_AST_PARENT	
1460066	1460068	IS_AST_PARENT	
1460065	1460066	IS_AST_PARENT	
1460064	1460065	IS_AST_PARENT	
1460070	1460071	IS_AST_PARENT	
1460072	1460073	IS_AST_PARENT	
1460074	1460075	IS_AST_PARENT	
1460076	1460077	IS_AST_PARENT	
1460076	1460078	IS_AST_PARENT	
1460074	1460076	IS_AST_PARENT	
1460072	1460074	IS_AST_PARENT	
1460070	1460072	IS_AST_PARENT	
1460069	1460070	IS_AST_PARENT	
1460064	1460069	IS_AST_PARENT	
1460081	1460082	IS_AST_PARENT	
1460080	1460081	IS_AST_PARENT	
1460084	1460085	IS_AST_PARENT	
1460083	1460084	IS_AST_PARENT	
1460086	1460087	IS_AST_PARENT	
1460083	1460086	IS_AST_PARENT	
1460080	1460083	IS_AST_PARENT	
1460079	1460080	IS_AST_PARENT	
1460064	1460079	IS_AST_PARENT	
1460089	1460090	IS_AST_PARENT	
1460092	1460093	IS_AST_PARENT	
1460092	1460094	IS_AST_PARENT	
1460091	1460092	IS_AST_PARENT	
1460091	1460095	IS_AST_PARENT	
1460089	1460091	IS_AST_PARENT	
1460088	1460089	IS_AST_PARENT	
1460064	1460088	IS_AST_PARENT	
1460099	1460100	IS_AST_PARENT	
1460099	1460101	IS_AST_PARENT	
1460098	1460099	IS_AST_PARENT	
1460102	1460103	IS_AST_PARENT	
1460102	1460104	IS_AST_PARENT	
1460098	1460102	IS_AST_PARENT	
1460097	1460098	IS_AST_PARENT	
1460096	1460097	IS_AST_PARENT	
1460108	1460109	IS_AST_PARENT	
1460108	1460110	IS_AST_PARENT	
1460107	1460108	IS_AST_PARENT	
1460107	1460111	IS_AST_PARENT	
1460106	1460107	IS_AST_PARENT	
1460105	1460106	IS_AST_PARENT	
1460115	1460116	IS_AST_PARENT	
1460115	1460117	IS_AST_PARENT	
1460114	1460115	IS_AST_PARENT	
1460114	1460118	IS_AST_PARENT	
1460113	1460114	IS_AST_PARENT	
1460112	1460113	IS_AST_PARENT	
1460121	1460122	IS_AST_PARENT	
1460121	1460123	IS_AST_PARENT	
1460120	1460121	IS_AST_PARENT	
1460119	1460120	IS_AST_PARENT	
1460125	1460126	IS_AST_PARENT	
1460127	1460128	IS_AST_PARENT	
1460127	1460129	IS_AST_PARENT	
1460125	1460127	IS_AST_PARENT	
1460124	1460125	IS_AST_PARENT	
1460119	1460124	IS_AST_PARENT	
1460112	1460119	IS_AST_PARENT	
1460105	1460112	IS_AST_PARENT	
1460132	1460133	IS_AST_PARENT	
1460132	1460134	IS_AST_PARENT	
1460131	1460132	IS_AST_PARENT	
1460131	1460135	IS_AST_PARENT	
1460130	1460131	IS_AST_PARENT	
1460105	1460130	IS_AST_PARENT	
1460140	1460141	IS_AST_PARENT	
1460140	1460142	IS_AST_PARENT	
1460139	1460140	IS_AST_PARENT	
1460139	1460143	IS_AST_PARENT	
1460138	1460139	IS_AST_PARENT	
1460138	1460144	IS_AST_PARENT	
1460137	1460138	IS_AST_PARENT	
1460137	1460145	IS_AST_PARENT	
1460136	1460137	IS_AST_PARENT	
1460105	1460136	IS_AST_PARENT	
1460148	1460149	IS_AST_PARENT	
1460148	1460150	IS_AST_PARENT	
1460147	1460148	IS_AST_PARENT	
1460146	1460147	IS_AST_PARENT	
1460154	1460155	IS_AST_PARENT	
1460153	1460154	IS_AST_PARENT	
1460157	1460158	IS_AST_PARENT	
1460156	1460157	IS_AST_PARENT	
1460159	1460160	IS_AST_PARENT	
1460156	1460159	IS_AST_PARENT	
1460161	1460162	IS_AST_PARENT	
1460156	1460161	IS_AST_PARENT	
1460153	1460156	IS_AST_PARENT	
1460152	1460153	IS_AST_PARENT	
1460151	1460152	IS_AST_PARENT	
1460146	1460151	IS_AST_PARENT	
1460105	1460146	IS_AST_PARENT	
1460165	1460166	IS_AST_PARENT	
1460165	1460167	IS_AST_PARENT	
1460164	1460165	IS_AST_PARENT	
1460164	1460168	IS_AST_PARENT	
1460163	1460164	IS_AST_PARENT	
1460105	1460163	IS_AST_PARENT	
1460170	1460171	IS_AST_PARENT	
1460170	1460172	IS_AST_PARENT	
1460169	1460170	IS_AST_PARENT	
1460105	1460169	IS_AST_PARENT	
1460175	1460176	IS_AST_PARENT	
1460174	1460175	IS_AST_PARENT	
1460178	1460179	IS_AST_PARENT	
1460177	1460178	IS_AST_PARENT	
1460174	1460177	IS_AST_PARENT	
1460173	1460174	IS_AST_PARENT	
1460105	1460173	IS_AST_PARENT	
1460096	1460105	IS_AST_PARENT	
1460064	1460096	IS_AST_PARENT	
1460057	1460064	IS_AST_PARENT	
1460039	1460057	IS_AST_PARENT	
1460027	1460039	IS_AST_PARENT	
1459340	1460027	IS_AST_PARENT	
1460182	1460183	IS_AST_PARENT	
1460182	1460184	IS_AST_PARENT	
1460181	1460182	IS_AST_PARENT	
1460181	1460185	IS_AST_PARENT	
1460180	1460181	IS_AST_PARENT	
1459340	1460180	IS_AST_PARENT	
1459339	1459340	IS_AST_PARENT	
1459284	1459339	IS_AST_PARENT	
1459272	1459284	IS_AST_PARENT	
1459271	1459272	IS_AST_PARENT	
1459270	1459271	IS_AST_PARENT	
1459142	1459270	IS_AST_PARENT	
1460188	1460189	IS_AST_PARENT	
1460188	1460190	IS_AST_PARENT	
1460187	1460188	IS_AST_PARENT	
1460192	1460193	IS_AST_PARENT	
1460192	1460194	IS_AST_PARENT	
1460191	1460192	IS_AST_PARENT	
1460197	1460198	IS_AST_PARENT	
1460196	1460197	IS_AST_PARENT	
1460200	1460201	IS_AST_PARENT	
1460199	1460200	IS_AST_PARENT	
1460202	1460203	IS_AST_PARENT	
1460199	1460202	IS_AST_PARENT	
1460196	1460199	IS_AST_PARENT	
1460195	1460196	IS_AST_PARENT	
1460204	1460205	IS_AST_PARENT	
1460204	1460206	IS_AST_PARENT	
1460195	1460204	IS_AST_PARENT	
1460191	1460195	IS_AST_PARENT	
1460187	1460191	IS_AST_PARENT	
1460186	1460187	IS_AST_PARENT	
1459142	1460186	IS_AST_PARENT	
1460208	1460209	IS_AST_PARENT	
1460208	1460210	IS_AST_PARENT	
1460207	1460208	IS_AST_PARENT	
1459142	1460207	IS_AST_PARENT	
1460211	1460212	IS_AST_PARENT	
1459142	1460211	IS_AST_PARENT	
1459141	1459142	IS_AST_PARENT	
1459141	1460213	IS_AST_PARENT	
1459141	1460214	IS_AST_PARENT	
1460216	1460217	IS_AST_PARENT	
1460216	1460218	IS_AST_PARENT	
1460215	1460216	IS_AST_PARENT	
1459141	1460215	IS_AST_PARENT	
1460219	1460216	FLOWS_TO	
1460216	1459143	FLOWS_TO	
1459143	1459150	FLOWS_TO	
1459150	1459154	FLOWS_TO	
1459154	1459158	FLOWS_TO	
1459158	1459163	FLOWS_TO	
1459163	1459169	FLOWS_TO	
1459163	1459187	FLOWS_TO	
1459169	1459179	FLOWS_TO	
1459169	1459181	FLOWS_TO	
1459179	1460220	FLOWS_TO	
1459181	1459187	FLOWS_TO	
1459187	1459192	FLOWS_TO	
1459192	1459200	FLOWS_TO	
1459192	1459206	FLOWS_TO	
1459200	1459206	FLOWS_TO	
1459206	1459224	FLOWS_TO	
1459224	1459238	FLOWS_TO	
1459238	1459242	FLOWS_TO	
1459242	1459262	FLOWS_TO	
1459262	1460221	FLOWS_TO	
1460221	1459273	FLOWS_TO	
1460221	1460186	FLOWS_TO	
1459273	1459286	FLOWS_TO	
1459273	1460221	FLOWS_TO	
1459286	1459294	FLOWS_TO	
1459286	1459335	FLOWS_TO	
1459294	1459301	FLOWS_TO	
1459294	1459335	FLOWS_TO	
1459301	1459308	FLOWS_TO	
1459308	1459313	FLOWS_TO	
1459308	1459320	FLOWS_TO	
1459313	1459320	FLOWS_TO	
1459320	1460186	FLOWS_TO	
1459321	1459328	FLOWS_TO	
1459328	1459334	FLOWS_TO	
1459334	1460186	FLOWS_TO	
1459335	1460222	FLOWS_TO	
1460222	1459341	FLOWS_TO	
1460222	1460221	FLOWS_TO	
1459341	1459348	FLOWS_TO	
1459348	1459357	FLOWS_TO	
1459348	1459829	FLOWS_TO	
1459357	1459369	FLOWS_TO	
1459357	1459374	FLOWS_TO	
1459369	1459374	FLOWS_TO	
1459374	1459379	FLOWS_TO	
1459374	1459398	FLOWS_TO	
1459379	1459385	FLOWS_TO	
1459385	1459391	FLOWS_TO	
1459391	1459398	FLOWS_TO	
1459398	1459399	FLOWS_TO	
1459399	1459400	FLOWS_TO	
1459400	1459401	FLOWS_TO	
1459401	1459402	FLOWS_TO	
1459402	1459403	FLOWS_TO	
1459403	1459404	FLOWS_TO	
1459404	1459405	FLOWS_TO	
1459405	1459406	FLOWS_TO	
1459406	1459407	FLOWS_TO	
1459407	1459408	FLOWS_TO	
1459408	1459409	FLOWS_TO	
1459409	1459410	FLOWS_TO	
1459410	1459411	FLOWS_TO	
1459411	1459412	FLOWS_TO	
1459412	1459413	FLOWS_TO	
1459413	1459414	FLOWS_TO	
1459414	1459415	FLOWS_TO	
1459415	1459416	FLOWS_TO	
1459416	1459417	FLOWS_TO	
1459417	1459418	FLOWS_TO	
1459418	1459419	FLOWS_TO	
1459419	1459420	FLOWS_TO	
1459420	1459421	FLOWS_TO	
1459421	1459422	FLOWS_TO	
1459422	1459423	FLOWS_TO	
1459423	1459424	FLOWS_TO	
1459424	1459425	FLOWS_TO	
1459425	1459426	FLOWS_TO	
1459426	1459428	FLOWS_TO	
1459428	1459433	FLOWS_TO	
1459428	1459459	FLOWS_TO	
1459433	1459439	FLOWS_TO	
1459439	1459445	FLOWS_TO	
1459445	1459451	FLOWS_TO	
1459451	1459459	FLOWS_TO	
1459459	1459464	FLOWS_TO	
1459459	1459495	FLOWS_TO	
1459464	1459473	FLOWS_TO	
1459473	1459480	FLOWS_TO	
1459480	1459486	FLOWS_TO	
1459486	1459811	FLOWS_TO	
1459495	1459500	FLOWS_TO	
1459495	1459509	FLOWS_TO	
1459500	1459811	FLOWS_TO	
1459509	1459517	FLOWS_TO	
1459509	1459811	FLOWS_TO	
1459517	1459530	FLOWS_TO	
1459517	1459558	FLOWS_TO	
1459530	1459539	FLOWS_TO	
1459539	1459545	FLOWS_TO	
1459545	1459552	FLOWS_TO	
1459552	1459811	FLOWS_TO	
1459558	1459571	FLOWS_TO	
1459558	1459600	FLOWS_TO	
1459571	1459577	FLOWS_TO	
1459577	1459583	FLOWS_TO	
1459583	1459594	FLOWS_TO	
1459594	1459811	FLOWS_TO	
1459600	1459605	FLOWS_TO	
1459600	1459628	FLOWS_TO	
1459605	1459611	FLOWS_TO	
1459611	1459622	FLOWS_TO	
1459622	1459811	FLOWS_TO	
1459628	1459667	FLOWS_TO	
1459628	1459727	FLOWS_TO	
1459667	1459671	FLOWS_TO	
1459671	1459680	FLOWS_TO	
1459680	1459690	FLOWS_TO	
1459690	1459699	FLOWS_TO	
1459699	1459710	FLOWS_TO	
1459710	1459721	FLOWS_TO	
1459721	1459811	FLOWS_TO	
1459727	1459746	FLOWS_TO	
1459727	1459811	FLOWS_TO	
1459746	1459750	FLOWS_TO	
1459750	1459759	FLOWS_TO	
1459759	1459760	FLOWS_TO	
1459760	1459761	FLOWS_TO	
1459761	1459762	FLOWS_TO	
1459762	1459763	FLOWS_TO	
1459763	1459764	FLOWS_TO	
1459764	1459765	FLOWS_TO	
1459765	1459766	FLOWS_TO	
1459766	1459767	FLOWS_TO	
1459767	1459768	FLOWS_TO	
1459768	1459769	FLOWS_TO	
1459769	1459770	FLOWS_TO	
1459770	1459771	FLOWS_TO	
1459771	1459772	FLOWS_TO	
1459772	1459773	FLOWS_TO	
1459773	1459774	FLOWS_TO	
1459774	1459775	FLOWS_TO	
1459775	1459776	FLOWS_TO	
1459776	1459777	FLOWS_TO	
1459777	1459778	FLOWS_TO	
1459778	1459789	FLOWS_TO	
1459789	1459800	FLOWS_TO	
1459800	1459806	FLOWS_TO	
1459806	1459811	FLOWS_TO	
1459811	1459818	FLOWS_TO	
1459811	1459829	FLOWS_TO	
1459818	1459824	FLOWS_TO	
1459824	1459829	FLOWS_TO	
1459829	1459839	FLOWS_TO	
1459829	1459859	FLOWS_TO	
1459839	1459845	FLOWS_TO	
1459845	1459851	FLOWS_TO	
1459851	1459859	FLOWS_TO	
1459859	1459867	FLOWS_TO	
1459859	1459917	FLOWS_TO	
1459867	1459888	FLOWS_TO	
1459888	1459897	FLOWS_TO	
1459897	1459917	FLOWS_TO	
1459917	1459926	FLOWS_TO	
1459926	1459936	FLOWS_TO	
1459936	1459939	FLOWS_TO	
1459936	1459947	FLOWS_TO	
1459939	1459943	FLOWS_TO	
1459943	1459947	FLOWS_TO	
1459947	1459948	FLOWS_TO	
1459948	1459949	FLOWS_TO	
1459949	1459950	FLOWS_TO	
1459950	1459951	FLOWS_TO	
1459951	1459952	FLOWS_TO	
1459952	1459953	FLOWS_TO	
1459953	1459954	FLOWS_TO	
1459954	1459955	FLOWS_TO	
1459955	1459956	FLOWS_TO	
1459956	1459957	FLOWS_TO	
1459957	1459958	FLOWS_TO	
1459958	1459959	FLOWS_TO	
1459959	1459960	FLOWS_TO	
1459960	1459961	FLOWS_TO	
1459961	1459962	FLOWS_TO	
1459962	1459963	FLOWS_TO	
1459963	1459964	FLOWS_TO	
1459964	1459965	FLOWS_TO	
1459965	1459966	FLOWS_TO	
1459966	1459967	FLOWS_TO	
1459967	1459968	FLOWS_TO	
1459968	1459969	FLOWS_TO	
1459969	1459970	FLOWS_TO	
1459970	1459971	FLOWS_TO	
1459971	1459972	FLOWS_TO	
1459972	1459973	FLOWS_TO	
1459973	1459975	FLOWS_TO	
1459975	1459990	FLOWS_TO	
1459975	1460007	FLOWS_TO	
1459990	1460007	FLOWS_TO	
1460007	1460016	FLOWS_TO	
1460016	1460022	FLOWS_TO	
1460022	1460028	FLOWS_TO	
1460028	1460040	FLOWS_TO	
1460028	1460180	FLOWS_TO	
1460040	1460046	FLOWS_TO	
1460046	1460058	FLOWS_TO	
1460058	1460065	FLOWS_TO	
1460058	1460180	FLOWS_TO	
1460065	1460069	FLOWS_TO	
1460069	1460079	FLOWS_TO	
1460079	1460088	FLOWS_TO	
1460088	1460097	FLOWS_TO	
1460097	1460106	FLOWS_TO	
1460097	1460180	FLOWS_TO	
1460106	1460113	FLOWS_TO	
1460113	1460120	FLOWS_TO	
1460113	1460130	FLOWS_TO	
1460120	1460124	FLOWS_TO	
1460124	1460130	FLOWS_TO	
1460130	1460136	FLOWS_TO	
1460136	1460147	FLOWS_TO	
1460147	1460152	FLOWS_TO	
1460147	1460163	FLOWS_TO	
1460152	1460163	FLOWS_TO	
1460163	1460169	FLOWS_TO	
1460169	1460173	FLOWS_TO	
1460173	1460180	FLOWS_TO	
1460180	1460222	FLOWS_TO	
1460186	1460207	FLOWS_TO	
1460207	1460211	FLOWS_TO	
1460211	1460220	FLOWS_TO	
1459224	1460223	DEF	
1459225	1460223	DEF	
1459867	1460223	USE	
1459868	1460223	USE	
1460186	1460223	USE	
1460187	1460223	USE	
1459238	1460224	USE	
1459239	1460224	USE	
1459818	1460225	USE	
1459819	1460225	USE	
1459163	1460226	USE	
1459181	1460226	DEF	
1459182	1460226	DEF	
1459439	1460226	DEF	
1459440	1460226	DEF	
1459558	1460227	USE	
1459577	1460227	USE	
1459578	1460227	USE	
1459379	1460228	USE	
1459380	1460228	USE	
1459583	1460229	USE	
1459590	1460229	USE	
1459859	1460230	USE	
1459864	1460230	USE	
1459859	1460231	USE	
1459509	1460232	USE	
1459558	1460232	USE	
1459577	1460232	DEF	
1459578	1460232	DEF	
1459577	1460232	USE	
1459578	1460232	USE	
1459628	1460232	USE	
1459628	1460233	USE	
1459727	1460233	USE	
1459667	1460234	DEF	
1459668	1460234	DEF	
1459690	1460234	DEF	
1459691	1460234	DEF	
1459699	1460234	USE	
1459708	1460234	USE	
1459710	1460234	USE	
1459717	1460234	USE	
1459746	1460234	DEF	
1459747	1460234	DEF	
1459778	1460234	USE	
1459787	1460234	USE	
1459789	1460234	USE	
1459796	1460234	USE	
1459154	1460235	DEF	
1459155	1460235	DEF	
1460040	1460235	DEF	
1460041	1460235	DEF	
1460046	1460235	USE	
1460055	1460235	USE	
1460040	1460236	USE	
1460041	1460236	USE	
1459571	1460237	USE	
1459572	1460237	USE	
1460088	1460238	USE	
1460091	1460238	USE	
1460089	1460238	USE	
1460136	1460238	USE	
1460139	1460238	USE	
1460138	1460238	USE	
1460136	1460238	DEF	
1460137	1460238	DEF	
1460016	1460239	DEF	
1460017	1460239	DEF	
1460180	1460239	DEF	
1460181	1460239	DEF	
1459690	1460240	USE	
1459691	1460240	USE	
1459605	1460241	USE	
1459606	1460241	USE	
1459374	1460242	USE	
1459143	1460243	DEF	
1459144	1460243	DEF	
1459301	1460243	DEF	
1459302	1460243	DEF	
1459308	1460243	USE	
1459328	1460243	DEF	
1459329	1460243	DEF	
1460211	1460243	USE	
1459192	1460244	USE	
1459348	1460244	USE	
1459357	1460244	USE	
1459829	1460244	USE	
1460028	1460245	USE	
1459158	1460246	DEF	
1459159	1460246	DEF	
1459335	1460246	DEF	
1459336	1460246	DEF	
1459552	1460246	DEF	
1459553	1460246	DEF	
1459594	1460246	DEF	
1459595	1460246	DEF	
1459622	1460246	DEF	
1459623	1460246	DEF	
1459721	1460246	DEF	
1459722	1460246	DEF	
1459806	1460246	DEF	
1459807	1460246	DEF	
1459824	1460246	DEF	
1459825	1460246	DEF	
1459939	1460246	DEF	
1459940	1460246	DEF	
1459975	1460246	USE	
1459990	1460246	USE	
1459995	1460246	USE	
1460001	1460246	USE	
1460046	1460246	DEF	
1460047	1460246	DEF	
1460058	1460246	USE	
1460069	1460246	USE	
1460070	1460246	USE	
1460169	1460246	DEF	
1460170	1460246	DEF	
1460180	1460247	USE	
1460181	1460247	USE	
1460207	1460247	USE	
1460208	1460247	USE	
1459192	1460248	USE	
1459197	1460248	USE	
1459206	1460249	USE	
1459207	1460249	USE	
1459242	1460249	USE	
1459243	1460249	USE	
1459897	1460249	USE	
1459898	1460249	USE	
1459558	1460250	USE	
1459163	1460251	USE	
1459181	1460251	DEF	
1459182	1460251	DEF	
1459200	1460251	DEF	
1459201	1460251	DEF	
1459206	1460251	USE	
1459207	1460251	USE	
1459224	1460251	USE	
1459225	1460251	USE	
1459242	1460251	USE	
1459243	1460251	USE	
1459242	1460251	DEF	
1459243	1460251	DEF	
1459262	1460251	DEF	
1459263	1460251	DEF	
1459273	1460251	USE	
1459279	1460251	USE	
1459286	1460251	USE	
1459294	1460251	USE	
1459301	1460251	USE	
1459302	1460251	USE	
1459328	1460251	USE	
1459329	1460251	USE	
1459341	1460251	USE	
1459342	1460251	USE	
1459357	1460251	USE	
1459362	1460251	USE	
1459379	1460251	DEF	
1459380	1460251	DEF	
1459379	1460251	USE	
1459380	1460251	USE	
1459385	1460251	DEF	
1459386	1460251	DEF	
1459433	1460251	USE	
1459434	1460251	USE	
1459433	1460251	DEF	
1459434	1460251	DEF	
1459439	1460251	DEF	
1459440	1460251	DEF	
1459445	1460251	DEF	
1459446	1460251	DEF	
1459480	1460251	DEF	
1459481	1460251	DEF	
1459509	1460251	USE	
1459517	1460251	USE	
1459539	1460251	DEF	
1459540	1460251	DEF	
1459539	1460251	USE	
1459540	1460251	USE	
1459558	1460251	USE	
1459571	1460251	DEF	
1459572	1460251	DEF	
1459571	1460251	USE	
1459572	1460251	USE	
1459577	1460251	USE	
1459578	1460251	USE	
1459577	1460251	DEF	
1459578	1460251	DEF	
1459605	1460251	USE	
1459606	1460251	USE	
1459605	1460251	DEF	
1459606	1460251	DEF	
1459628	1460251	USE	
1459680	1460251	DEF	
1459681	1460251	DEF	
1459680	1460251	USE	
1459681	1460251	USE	
1459727	1460251	USE	
1459800	1460251	DEF	
1459801	1460251	DEF	
1459800	1460251	USE	
1459801	1460251	USE	
1459811	1460251	USE	
1459818	1460251	USE	
1459819	1460251	USE	
1459818	1460251	DEF	
1459819	1460251	DEF	
1459829	1460251	USE	
1459834	1460251	USE	
1459839	1460251	DEF	
1459840	1460251	DEF	
1459845	1460251	DEF	
1459846	1460251	DEF	
1459867	1460251	DEF	
1459868	1460251	DEF	
1459867	1460251	USE	
1459868	1460251	USE	
1459897	1460251	DEF	
1459898	1460251	DEF	
1459897	1460251	USE	
1459898	1460251	USE	
1460016	1460251	DEF	
1460017	1460251	DEF	
1460028	1460251	USE	
1460033	1460251	USE	
1460088	1460251	USE	
1460091	1460251	USE	
1460089	1460251	USE	
1460097	1460251	USE	
1460106	1460251	USE	
1460107	1460251	USE	
1460106	1460251	DEF	
1460107	1460251	DEF	
1460113	1460251	USE	
1460124	1460251	USE	
1460125	1460251	USE	
1460130	1460251	DEF	
1460131	1460251	DEF	
1460130	1460251	USE	
1460131	1460251	USE	
1460136	1460251	DEF	
1460137	1460251	DEF	
1460136	1460251	USE	
1460139	1460251	USE	
1460138	1460251	USE	
1460163	1460251	DEF	
1460164	1460251	DEF	
1460180	1460251	DEF	
1460181	1460251	DEF	
1460186	1460251	USE	
1460187	1460251	USE	
1460186	1460251	DEF	
1460187	1460251	DEF	
1459200	1460252	DEF	
1459201	1460252	DEF	
1459829	1460252	USE	
1459834	1460252	USE	
1459839	1460252	DEF	
1459840	1460252	DEF	
1460028	1460252	USE	
1460033	1460252	USE	
1459750	1460253	USE	
1459757	1460253	USE	
1459206	1460254	USE	
1459207	1460254	USE	
1459242	1460254	USE	
1459243	1460254	USE	
1459897	1460254	USE	
1459898	1460254	USE	
1459917	1460255	USE	
1459922	1460255	USE	
1460007	1460255	USE	
1460012	1460255	USE	
1459206	1460256	USE	
1459207	1460256	USE	
1459242	1460256	USE	
1459243	1460256	USE	
1459897	1460256	USE	
1459898	1460256	USE	
1459975	1460257	USE	
1459206	1460258	USE	
1459207	1460258	USE	
1459242	1460258	USE	
1459243	1460258	USE	
1459897	1460258	USE	
1459898	1460258	USE	
1459600	1460259	USE	
1459459	1460260	USE	
1460088	1460261	USE	
1460089	1460261	USE	
1459341	1460262	USE	
1459342	1460262	USE	
1459379	1460262	DEF	
1459380	1460262	DEF	
1459379	1460262	USE	
1459380	1460262	USE	
1459433	1460262	DEF	
1459434	1460262	DEF	
1459433	1460262	USE	
1459434	1460262	USE	
1459539	1460262	DEF	
1459540	1460262	DEF	
1459539	1460262	USE	
1459540	1460262	USE	
1459571	1460262	DEF	
1459572	1460262	DEF	
1459571	1460262	USE	
1459572	1460262	USE	
1459605	1460262	DEF	
1459606	1460262	DEF	
1459605	1460262	USE	
1459606	1460262	USE	
1459680	1460262	USE	
1459681	1460262	USE	
1459680	1460262	DEF	
1459681	1460262	DEF	
1459800	1460262	USE	
1459801	1460262	USE	
1459800	1460262	DEF	
1459801	1460262	DEF	
1459811	1460262	USE	
1459818	1460262	USE	
1459819	1460262	USE	
1459818	1460262	DEF	
1459819	1460262	DEF	
1460136	1460263	DEF	
1460137	1460263	DEF	
1459628	1460264	USE	
1459727	1460264	USE	
1459800	1460265	USE	
1459801	1460265	USE	
1459867	1460266	USE	
1459868	1460266	USE	
1460186	1460266	USE	
1460187	1460266	USE	
1459975	1460267	USE	
1459981	1460267	USE	
1460040	1460267	USE	
1460041	1460267	USE	
1459308	1460268	USE	
1459385	1460268	USE	
1459386	1460268	USE	
1459509	1460269	USE	
1459628	1460270	USE	
1459206	1460271	USE	
1459207	1460271	USE	
1459242	1460271	USE	
1459243	1460271	USE	
1459897	1460271	USE	
1459898	1460271	USE	
1459262	1460272	DEF	
1459263	1460272	DEF	
1459286	1460272	USE	
1459294	1460272	USE	
1459301	1460272	USE	
1459302	1460272	USE	
1459328	1460272	USE	
1459329	1460272	USE	
1459385	1460272	DEF	
1459386	1460272	DEF	
1459445	1460272	DEF	
1459446	1460272	DEF	
1459480	1460272	DEF	
1459481	1460272	DEF	
1459845	1460272	DEF	
1459846	1460272	DEF	
1460163	1460272	DEF	
1460164	1460272	DEF	
1459464	1460273	USE	
1459471	1460273	USE	
1459206	1460274	USE	
1459207	1460274	USE	
1459242	1460274	USE	
1459243	1460274	USE	
1459897	1460274	USE	
1459898	1460274	USE	
1459433	1460275	USE	
1459434	1460275	USE	
1459206	1460276	USE	
1459207	1460276	USE	
1459224	1460276	USE	
1459225	1460276	USE	
1459242	1460276	DEF	
1459243	1460276	DEF	
1459242	1460276	USE	
1459243	1460276	USE	
1459628	1460276	USE	
1459727	1460276	USE	
1459867	1460276	USE	
1459868	1460276	USE	
1459867	1460276	DEF	
1459868	1460276	DEF	
1459897	1460276	USE	
1459898	1460276	USE	
1459897	1460276	DEF	
1459898	1460276	DEF	
1460186	1460276	DEF	
1460187	1460276	DEF	
1460186	1460276	USE	
1460187	1460276	USE	
1459294	1460277	USE	
1459845	1460277	USE	
1459846	1460277	USE	
1460163	1460277	USE	
1460164	1460277	USE	
1460046	1460278	USE	
1460047	1460278	USE	
1459975	1460279	USE	
1459981	1460279	USE	
1459517	1460280	USE	
1459628	1460280	USE	
1459727	1460280	USE	
1459428	1460281	USE	
1459517	1460282	USE	
1459671	1460283	USE	
1459678	1460283	USE	
1459811	1460284	USE	
1459273	1460285	USE	
1459279	1460285	USE	
1459445	1460286	USE	
1459446	1460286	USE	
1459187	1460287	DEF	
1459188	1460287	DEF	
1460207	1460287	DEF	
1460208	1460287	DEF	
1460097	1460288	USE	
1460106	1460288	USE	
1460107	1460288	USE	
1460106	1460288	DEF	
1460107	1460288	DEF	
1460113	1460288	USE	
1460124	1460288	USE	
1460125	1460288	USE	
1460130	1460288	DEF	
1460131	1460288	DEF	
1460130	1460288	USE	
1460131	1460288	USE	
1459936	1460289	USE	
1459943	1460289	DEF	
1459944	1460289	DEF	
1459169	1460290	USE	
1459206	1460291	DEF	
1459207	1460291	DEF	
1460065	1460292	DEF	
1460066	1460292	DEF	
1460088	1460292	DEF	
1460089	1460292	DEF	
1460097	1460292	USE	
1460106	1460292	USE	
1460107	1460292	USE	
1460120	1460292	DEF	
1460121	1460292	DEF	
1460124	1460292	DEF	
1460125	1460292	DEF	
1460130	1460292	USE	
1460131	1460292	USE	
1460136	1460292	USE	
1460137	1460292	USE	
1460147	1460292	USE	
1460152	1460292	USE	
1460159	1460292	USE	
1459975	1460293	USE	
1459680	1460294	USE	
1459681	1460294	USE	
1459727	1460294	USE	
1459357	1460295	USE	
1459362	1460295	USE	
1459539	1460296	USE	
1459540	1460296	USE	
1459357	1460297	USE	
1459362	1460297	USE	
1459273	1460298	USE	
1460136	1460299	DEF	
1460137	1460299	DEF	
1460136	1460299	USE	
1460138	1460299	USE	
1460216	1460300	DEF	
1459163	1460300	USE	
1459164	1460300	USE	
1459169	1460300	USE	
1459176	1460300	USE	
1459181	1460300	USE	
1459183	1460300	USE	
1459187	1460300	USE	
1459188	1460300	USE	
1459200	1460300	USE	
1459202	1460300	USE	
1459206	1460300	USE	
1459210	1460300	USE	
1459224	1460300	USE	
1459233	1460300	USE	
1459242	1460300	USE	
1459244	1460300	USE	
1459262	1460300	USE	
1459264	1460300	USE	
1459273	1460300	USE	
1459280	1460300	USE	
1459286	1460300	USE	
1459288	1460300	USE	
1459294	1460300	USE	
1459296	1460300	USE	
1459301	1460300	USE	
1459304	1460300	USE	
1459313	1460300	USE	
1459318	1460300	USE	
1459321	1460300	USE	
1459326	1460300	USE	
1459328	1460300	USE	
1459331	1460300	USE	
1459341	1460300	USE	
1459344	1460300	USE	
1459357	1460300	USE	
1459364	1460300	USE	
1459379	1460300	USE	
1459381	1460300	USE	
1459385	1460300	USE	
1459387	1460300	USE	
1459391	1460300	USE	
1459396	1460300	USE	
1459433	1460300	USE	
1459435	1460300	USE	
1459439	1460300	USE	
1459441	1460300	USE	
1459445	1460300	USE	
1459447	1460300	USE	
1459451	1460300	USE	
1459456	1460300	USE	
1459464	1460300	USE	
1459469	1460300	USE	
1459473	1460300	USE	
1459478	1460300	USE	
1459480	1460300	USE	
1459482	1460300	USE	
1459486	1460300	USE	
1459491	1460300	USE	
1459500	1460300	USE	
1459505	1460300	USE	
1459509	1460300	USE	
1459511	1460300	USE	
1459517	1460300	USE	
1459525	1460300	USE	
1459530	1460300	USE	
1459535	1460300	USE	
1459539	1460300	USE	
1459541	1460300	USE	
1459545	1460300	USE	
1459550	1460300	USE	
1459558	1460300	USE	
1459566	1460300	USE	
1459571	1460300	USE	
1459573	1460300	USE	
1459577	1460300	USE	
1459579	1460300	USE	
1459583	1460300	USE	
1459588	1460300	USE	
1459605	1460300	USE	
1459607	1460300	USE	
1459611	1460300	USE	
1459616	1460300	USE	
1459628	1460300	USE	
1459662	1460300	USE	
1459655	1460300	USE	
1459649	1460300	USE	
1459636	1460300	USE	
1459641	1460300	USE	
1459671	1460300	USE	
1459676	1460300	USE	
1459680	1460300	USE	
1459682	1460300	USE	
1459690	1460300	USE	
1459697	1460300	USE	
1459710	1460300	USE	
1459715	1460300	USE	
1459727	1460300	USE	
1459734	1460300	USE	
1459741	1460300	USE	
1459750	1460300	USE	
1459755	1460300	USE	
1459789	1460300	USE	
1459794	1460300	USE	
1459800	1460300	USE	
1459802	1460300	USE	
1459811	1460300	USE	
1459813	1460300	USE	
1459818	1460300	USE	
1459820	1460300	USE	
1459829	1460300	USE	
1459835	1460300	USE	
1459839	1460300	USE	
1459841	1460300	USE	
1459845	1460300	USE	
1459847	1460300	USE	
1459851	1460300	USE	
1459856	1460300	USE	
1459867	1460300	USE	
1459881	1460300	USE	
1459873	1460300	USE	
1459869	1460300	USE	
1459888	1460300	USE	
1459893	1460300	USE	
1459897	1460300	USE	
1459899	1460300	USE	
1459926	1460300	USE	
1459933	1460300	USE	
1460016	1460300	USE	
1460018	1460300	USE	
1460028	1460300	USE	
1460036	1460300	USE	
1460046	1460300	USE	
1460053	1460300	USE	
1460079	1460300	USE	
1460084	1460300	USE	
1460088	1460300	USE	
1460092	1460300	USE	
1460097	1460300	USE	
1460099	1460300	USE	
1460106	1460300	USE	
1460108	1460300	USE	
1460113	1460300	USE	
1460115	1460300	USE	
1460124	1460300	USE	
1460127	1460300	USE	
1460130	1460300	USE	
1460132	1460300	USE	
1460136	1460300	USE	
1460140	1460300	USE	
1460152	1460300	USE	
1460157	1460300	USE	
1460163	1460300	USE	
1460165	1460300	USE	
1460173	1460300	USE	
1460178	1460300	USE	
1460180	1460300	USE	
1460182	1460300	USE	
1460186	1460300	USE	
1460188	1460300	USE	
1460192	1460300	USE	
1460200	1460300	USE	
1459628	1460301	USE	
1459680	1460301	USE	
1459681	1460301	USE	
1459150	1460302	DEF	
1459151	1460302	DEF	
1459926	1460302	DEF	
1459927	1460302	DEF	
1459975	1460302	USE	
1459982	1460302	USE	
1459990	1460302	USE	
1460005	1460302	USE	
1460016	1460302	USE	
1460017	1460302	USE	
1460040	1460302	USE	
1460043	1460302	USE	
1460069	1460302	DEF	
1460070	1460302	DEF	
1460079	1460302	USE	
1460086	1460302	USE	
1460152	1460302	USE	
1460161	1460302	USE	
1459517	1460303	USE	
1459238	1460304	DEF	
1459239	1460304	DEF	
1459867	1460304	USE	
1459883	1460304	USE	
1460186	1460304	USE	
1460202	1460304	USE	
1459242	1460305	USE	
1459243	1460305	USE	
1459867	1460305	USE	
1459868	1460305	USE	
1459897	1460305	USE	
1459898	1460305	USE	
1460186	1460305	USE	
1460187	1460305	USE	
1459143	1460306	DEF	
1459147	1460306	DEF	
1459341	1460306	DEF	
1459342	1460306	DEF	
1459348	1460306	USE	
1459353	1460306	USE	
1459369	1460306	DEF	
1459370	1460306	DEF	
1459369	1460306	USE	
1459370	1460306	USE	
1459374	1460306	USE	
1459428	1460306	USE	
1459459	1460306	USE	
1459495	1460306	USE	
1459517	1460306	USE	
1459558	1460306	USE	
1459600	1460306	USE	
1459628	1460306	USE	
1459727	1460306	USE	
1459179	1460307	USE	
1459480	1460307	USE	
1459481	1460307	USE	
1459699	1460308	USE	
1459704	1460308	USE	
1459778	1460308	USE	
1459783	1460308	USE	
1459990	1460309	USE	
1459995	1460309	USE	
1460069	1460309	USE	
1460070	1460309	USE	
1459888	1460310	USE	
1459895	1460310	USE	
1459926	1460311	USE	
1459927	1460311	USE	
1459495	1460312	USE	
1459611	1460313	USE	
1459618	1460313	USE	
1459628	1460314	USE	
1459369	1460315	USE	
1459370	1460315	USE	
1459530	1460316	USE	
1459537	1460316	USE	
1459690	1459699	REACHES	intno
1459690	1459710	REACHES	intno
1459746	1459778	REACHES	intno
1459746	1459789	REACHES	intno
1459943	1459936	REACHES	tb_invalidated_flag
1459224	1459867	REACHES	DF
1459224	1460186	REACHES	DF
1459301	1459308	REACHES	ret
1459328	1460211	REACHES	ret
1459301	1460211	REACHES	ret
1459143	1460211	REACHES	ret
1460130	1460097	REACHES	env -> icount_extra
1460130	1460106	REACHES	env -> icount_extra
1460106	1460113	REACHES	env -> icount_extra
1460106	1460124	REACHES	env -> icount_extra
1460106	1460130	REACHES	env -> icount_extra
1460088	1460130	REACHES	insns_left
1460088	1460097	REACHES	insns_left
1460088	1460106	REACHES	insns_left
1460124	1460130	REACHES	insns_left
1460124	1460136	REACHES	insns_left
1460088	1460152	REACHES	insns_left
1460088	1460136	REACHES	insns_left
1460124	1460147	REACHES	insns_left
1460088	1460147	REACHES	insns_left
1460124	1460152	REACHES	insns_left
1460216	1459200	REACHES	env
1460216	1459163	REACHES	env
1460216	1459169	REACHES	env
1460216	1459628	REACHES	env
1460216	1459851	REACHES	env
1460216	1460163	REACHES	env
1460216	1460106	REACHES	env
1460216	1459445	REACHES	env
1460216	1459811	REACHES	env
1460216	1459690	REACHES	env
1460216	1459829	REACHES	env
1460216	1459181	REACHES	env
1460216	1459187	REACHES	env
1460216	1460130	REACHES	env
1460216	1459571	REACHES	env
1460216	1460136	REACHES	env
1460216	1459750	REACHES	env
1460216	1459451	REACHES	env
1460216	1459464	REACHES	env
1460216	1459301	REACHES	env
1460216	1459341	REACHES	env
1460216	1459486	REACHES	env
1460216	1459710	REACHES	env
1460216	1459206	REACHES	env
1460216	1459867	REACHES	env
1460216	1460186	REACHES	env
1460216	1459509	REACHES	env
1460216	1459530	REACHES	env
1460216	1459789	REACHES	env
1460216	1460113	REACHES	env
1460216	1459727	REACHES	env
1460216	1460152	REACHES	env
1460216	1459839	REACHES	env
1460216	1459224	REACHES	env
1460216	1459242	REACHES	env
1460216	1459286	REACHES	env
1460216	1459433	REACHES	env
1460216	1460180	REACHES	env
1460216	1459385	REACHES	env
1460216	1459818	REACHES	env
1460216	1459262	REACHES	env
1460216	1459583	REACHES	env
1460216	1459313	REACHES	env
1460216	1459357	REACHES	env
1460216	1459473	REACHES	env
1460216	1459558	REACHES	env
1460216	1459545	REACHES	env
1460216	1459391	REACHES	env
1460216	1459517	REACHES	env
1460216	1459577	REACHES	env
1460216	1460088	REACHES	env
1460216	1460173	REACHES	env
1460216	1460079	REACHES	env
1460216	1459845	REACHES	env
1460216	1459539	REACHES	env
1460216	1459273	REACHES	env
1460216	1459480	REACHES	env
1460216	1459611	REACHES	env
1460216	1459671	REACHES	env
1460216	1460046	REACHES	env
1460216	1460016	REACHES	env
1460216	1460028	REACHES	env
1460216	1459680	REACHES	env
1460216	1459500	REACHES	env
1460216	1459439	REACHES	env
1460216	1459926	REACHES	env
1460216	1460124	REACHES	env
1460216	1459888	REACHES	env
1460216	1460097	REACHES	env
1460216	1459605	REACHES	env
1460216	1459800	REACHES	env
1460216	1459294	REACHES	env
1460216	1459897	REACHES	env
1460216	1459379	REACHES	env
1459594	1459975	REACHES	next_tb
1459335	1459975	REACHES	next_tb
1459939	1459990	REACHES	next_tb
1460169	1459990	REACHES	next_tb
1459622	1459990	REACHES	next_tb
1459552	1459975	REACHES	next_tb
1459824	1459975	REACHES	next_tb
1459939	1459975	REACHES	next_tb
1460046	1459975	REACHES	next_tb
1459335	1459990	REACHES	next_tb
1460046	1459990	REACHES	next_tb
1460046	1460058	REACHES	next_tb
1459594	1459990	REACHES	next_tb
1459622	1459975	REACHES	next_tb
1459552	1459990	REACHES	next_tb
1459721	1459990	REACHES	next_tb
1459806	1459990	REACHES	next_tb
1460046	1460069	REACHES	next_tb
1460169	1459975	REACHES	next_tb
1459721	1459975	REACHES	next_tb
1459806	1459975	REACHES	next_tb
1459824	1459990	REACHES	next_tb
1460163	1459286	REACHES	env -> exception_index
1459445	1459286	REACHES	env -> exception_index
1459262	1459301	REACHES	env -> exception_index
1459262	1459286	REACHES	env -> exception_index
1459385	1459294	REACHES	env -> exception_index
1459845	1459294	REACHES	env -> exception_index
1460163	1459301	REACHES	env -> exception_index
1459845	1459286	REACHES	env -> exception_index
1459445	1459301	REACHES	env -> exception_index
1459845	1459301	REACHES	env -> exception_index
1459385	1459286	REACHES	env -> exception_index
1459480	1459286	REACHES	env -> exception_index
1459445	1459294	REACHES	env -> exception_index
1459385	1459301	REACHES	env -> exception_index
1459480	1459301	REACHES	env -> exception_index
1459262	1459294	REACHES	env -> exception_index
1460163	1459294	REACHES	env -> exception_index
1459480	1459294	REACHES	env -> exception_index
1459242	1459628	REACHES	env -> eflags
1459897	1459628	REACHES	env -> eflags
1459897	1459727	REACHES	env -> eflags
1459242	1459727	REACHES	env -> eflags
1459897	1459867	REACHES	env -> eflags
1459242	1459867	REACHES	env -> eflags
1459867	1459897	REACHES	env -> eflags
1459897	1460186	REACHES	env -> eflags
1459242	1460186	REACHES	env -> eflags
1460136	1460136	REACHES	env -> icount_decr . u16
1459181	1459242	REACHES	* env
1459200	1459206	REACHES	* env
1460186	1460220	REACHES	* env
1459262	1459680	REACHES	* env
1459605	1459818	REACHES	* env
1459262	1459433	REACHES	* env
1459262	1459628	REACHES	* env
1459181	1459206	REACHES	* env
1460180	1459286	REACHES	* env
1460180	1459357	REACHES	* env
1459445	1459811	REACHES	* env
1459845	1459867	REACHES	* env
1459680	1459867	REACHES	* env
1459262	1459800	REACHES	* env
1460180	1459571	REACHES	* env
1459262	1459605	REACHES	* env
1459577	1459811	REACHES	* env
1460106	1460130	REACHES	* env
1459445	1459571	REACHES	* env
1459385	1459571	REACHES	* env
1460180	1459301	REACHES	* env
1459445	1459727	REACHES	* env
1459445	1459680	REACHES	* env
1459577	1459829	REACHES	* env
1460016	1460097	REACHES	* env
1459577	1459818	REACHES	* env
1459200	1459224	REACHES	* env
1459385	1459605	REACHES	* env
1460180	1459605	REACHES	* env
1459867	1459897	REACHES	* env
1460180	1459727	REACHES	* env
1459262	1459571	REACHES	* env
1459262	1459867	REACHES	* env
1459480	1459811	REACHES	* env
1459385	1459517	REACHES	* env
1459445	1459558	REACHES	* env
1459262	1459509	REACHES	* env
1459385	1459509	REACHES	* env
1459445	1459539	REACHES	* env
1459539	1459818	REACHES	* env
1459181	1459224	REACHES	* env
1459445	1459605	REACHES	* env
1459385	1459800	REACHES	* env
1459262	1459539	REACHES	* env
1459385	1459811	REACHES	* env
1459262	1459301	REACHES	* env
1459385	1459829	REACHES	* env
1459800	1459829	REACHES	* env
1459680	1459829	REACHES	* env
1459385	1459727	REACHES	* env
1459385	1459867	REACHES	* env
1460180	1459818	REACHES	* env
1459262	1459811	REACHES	* env
1459445	1459509	REACHES	* env
1459262	1459286	REACHES	* env
1459539	1459829	REACHES	* env
1460180	1459628	REACHES	* env
1459539	1459867	REACHES	* env
1460180	1459680	REACHES	* env
1460180	1459517	REACHES	* env
1459385	1459558	REACHES	* env
1459577	1459867	REACHES	* env
1459262	1459818	REACHES	* env
1459445	1459818	REACHES	* env
1459480	1459818	REACHES	* env
1459385	1459433	REACHES	* env
1459262	1459558	REACHES	* env
1459680	1459818	REACHES	* env
1460180	1459539	REACHES	* env
1459800	1459818	REACHES	* env
1459605	1459829	REACHES	* env
1460130	1460136	REACHES	* env
1460180	1459811	REACHES	* env
1460016	1460106	REACHES	* env
1460180	1460186	REACHES	* env
1459385	1459680	REACHES	* env
1459445	1459800	REACHES	* env
1459480	1459867	REACHES	* env
1460180	1459867	REACHES	* env
1459262	1460186	REACHES	* env
1459800	1459811	REACHES	* env
1460180	1459509	REACHES	* env
1460180	1459341	REACHES	* env
1460180	1459558	REACHES	* env
1460180	1459379	REACHES	* env
1459818	1459829	REACHES	* env
1459262	1459517	REACHES	* env
1459539	1459811	REACHES	* env
1459818	1459867	REACHES	* env
1459445	1459867	REACHES	* env
1459680	1459811	REACHES	* env
1460180	1459433	REACHES	* env
1459262	1459357	REACHES	* env
1459262	1459294	REACHES	* env
1459200	1459242	REACHES	* env
1459262	1459273	REACHES	* env
1459385	1459539	REACHES	* env
1459262	1459727	REACHES	* env
1460180	1459800	REACHES	* env
1459480	1459829	REACHES	* env
1459800	1459867	REACHES	* env
1460016	1460088	REACHES	* env
1460180	1459294	REACHES	* env
1459605	1459811	REACHES	* env
1459445	1459628	REACHES	* env
1460180	1459273	REACHES	* env
1459262	1459341	REACHES	* env
1460106	1460113	REACHES	* env
1459385	1459628	REACHES	* env
1459385	1459818	REACHES	* env
1460180	1459829	REACHES	* env
1460016	1460028	REACHES	* env
1459262	1459379	REACHES	* env
1459445	1459517	REACHES	* env
1459262	1459829	REACHES	* env
1459605	1459867	REACHES	* env
1459571	1459577	REACHES	* env
1459445	1459829	REACHES	* env
1460106	1460124	REACHES	* env
1459238	1459867	REACHES	CC_OP
1459238	1460186	REACHES	CC_OP
1459577	1459509	REACHES	env -> hflags2
1459577	1459558	REACHES	env -> hflags2
1459577	1459577	REACHES	env -> hflags2
1459577	1459628	REACHES	env -> hflags2
1459926	1459975	REACHES	tb
1459926	1459990	REACHES	tb
1459926	1460016	REACHES	tb
1459926	1460040	REACHES	tb
1460069	1460079	REACHES	tb
1460069	1460152	REACHES	tb
1460040	1460046	REACHES	tc_ptr
1459839	1459829	REACHES	env -> exit_request
1459200	1459829	REACHES	env -> exit_request
1459839	1460028	REACHES	env -> exit_request
1459200	1460028	REACHES	env -> exit_request
1460136	1460088	REACHES	env -> icount_decr
1460136	1460136	REACHES	env -> icount_decr
1459433	1459341	REACHES	env -> interrupt_request
1459800	1459341	REACHES	env -> interrupt_request
1459800	1459539	REACHES	env -> interrupt_request
1459605	1459818	REACHES	env -> interrupt_request
1459818	1459800	REACHES	env -> interrupt_request
1459680	1459433	REACHES	env -> interrupt_request
1459539	1459818	REACHES	env -> interrupt_request
1459800	1459379	REACHES	env -> interrupt_request
1459571	1459379	REACHES	env -> interrupt_request
1459571	1459433	REACHES	env -> interrupt_request
1459680	1459680	REACHES	env -> interrupt_request
1459433	1459811	REACHES	env -> interrupt_request
1459433	1459539	REACHES	env -> interrupt_request
1459571	1459818	REACHES	env -> interrupt_request
1459539	1459379	REACHES	env -> interrupt_request
1459539	1459800	REACHES	env -> interrupt_request
1459680	1459818	REACHES	env -> interrupt_request
1459433	1459571	REACHES	env -> interrupt_request
1459605	1459800	REACHES	env -> interrupt_request
1459680	1459811	REACHES	env -> interrupt_request
1459433	1459605	REACHES	env -> interrupt_request
1459605	1459341	REACHES	env -> interrupt_request
1459680	1459341	REACHES	env -> interrupt_request
1459818	1459341	REACHES	env -> interrupt_request
1459680	1459571	REACHES	env -> interrupt_request
1459539	1459571	REACHES	env -> interrupt_request
1459379	1459811	REACHES	env -> interrupt_request
1459680	1459379	REACHES	env -> interrupt_request
1459379	1459379	REACHES	env -> interrupt_request
1459571	1459800	REACHES	env -> interrupt_request
1459379	1459680	REACHES	env -> interrupt_request
1459379	1459341	REACHES	env -> interrupt_request
1459800	1459433	REACHES	env -> interrupt_request
1459605	1459571	REACHES	env -> interrupt_request
1459571	1459605	REACHES	env -> interrupt_request
1459605	1459539	REACHES	env -> interrupt_request
1459571	1459539	REACHES	env -> interrupt_request
1459433	1459818	REACHES	env -> interrupt_request
1459605	1459605	REACHES	env -> interrupt_request
1459433	1459800	REACHES	env -> interrupt_request
1459571	1459341	REACHES	env -> interrupt_request
1459571	1459680	REACHES	env -> interrupt_request
1459379	1459800	REACHES	env -> interrupt_request
1459571	1459571	REACHES	env -> interrupt_request
1459800	1459811	REACHES	env -> interrupt_request
1459818	1459811	REACHES	env -> interrupt_request
1459818	1459539	REACHES	env -> interrupt_request
1459818	1459571	REACHES	env -> interrupt_request
1459539	1459341	REACHES	env -> interrupt_request
1459680	1459800	REACHES	env -> interrupt_request
1459800	1459605	REACHES	env -> interrupt_request
1459539	1459433	REACHES	env -> interrupt_request
1459379	1459539	REACHES	env -> interrupt_request
1459539	1459680	REACHES	env -> interrupt_request
1459539	1459811	REACHES	env -> interrupt_request
1459433	1459680	REACHES	env -> interrupt_request
1459800	1459680	REACHES	env -> interrupt_request
1459818	1459818	REACHES	env -> interrupt_request
1459539	1459539	REACHES	env -> interrupt_request
1459571	1459811	REACHES	env -> interrupt_request
1459379	1459605	REACHES	env -> interrupt_request
1459818	1459379	REACHES	env -> interrupt_request
1459433	1459433	REACHES	env -> interrupt_request
1459800	1459800	REACHES	env -> interrupt_request
1459818	1459433	REACHES	env -> interrupt_request
1459379	1459818	REACHES	env -> interrupt_request
1459818	1459680	REACHES	env -> interrupt_request
1459800	1459818	REACHES	env -> interrupt_request
1459680	1459539	REACHES	env -> interrupt_request
1459539	1459605	REACHES	env -> interrupt_request
1459818	1459605	REACHES	env -> interrupt_request
1459379	1459433	REACHES	env -> interrupt_request
1459433	1459379	REACHES	env -> interrupt_request
1459605	1459433	REACHES	env -> interrupt_request
1459605	1459811	REACHES	env -> interrupt_request
1459379	1459571	REACHES	env -> interrupt_request
1459680	1459605	REACHES	env -> interrupt_request
1459605	1459680	REACHES	env -> interrupt_request
1459800	1459571	REACHES	env -> interrupt_request
1459605	1459379	REACHES	env -> interrupt_request
1459341	1459369	REACHES	interrupt_request
1459341	1459348	REACHES	interrupt_request
1459369	1459374	REACHES	interrupt_request
1459341	1459374	REACHES	interrupt_request
1459369	1459428	REACHES	interrupt_request
1459341	1459428	REACHES	interrupt_request
1459369	1459558	REACHES	interrupt_request
1459341	1459517	REACHES	interrupt_request
1459341	1459727	REACHES	interrupt_request
1459369	1459459	REACHES	interrupt_request
1459341	1459600	REACHES	interrupt_request
1459341	1459558	REACHES	interrupt_request
1459341	1459628	REACHES	interrupt_request
1459369	1459517	REACHES	interrupt_request
1459341	1459459	REACHES	interrupt_request
1459369	1459727	REACHES	interrupt_request
1459341	1459495	REACHES	interrupt_request
1459369	1459628	REACHES	interrupt_request
1459369	1459495	REACHES	interrupt_request
1459369	1459600	REACHES	interrupt_request
1460219	1460216	CONTROLS	
1460219	1459143	CONTROLS	
1460219	1459150	CONTROLS	
1460219	1459154	CONTROLS	
1460219	1459158	CONTROLS	
1460219	1459163	CONTROLS	
1459163	1459169	CONTROLS	
1459163	1459187	CONTROLS	
1459163	1459192	CONTROLS	
1459163	1459206	CONTROLS	
1459163	1459224	CONTROLS	
1459163	1459238	CONTROLS	
1459163	1459242	CONTROLS	
1459163	1459262	CONTROLS	
1459163	1460221	CONTROLS	
1459163	1460186	CONTROLS	
1459163	1460207	CONTROLS	
1459163	1460211	CONTROLS	
1459169	1459179	CONTROLS	
1459169	1459181	CONTROLS	
1459169	1459187	CONTROLS	
1459169	1459192	CONTROLS	
1459169	1459206	CONTROLS	
1459169	1459224	CONTROLS	
1459169	1459238	CONTROLS	
1459169	1459242	CONTROLS	
1459169	1459262	CONTROLS	
1459169	1460221	CONTROLS	
1459169	1460186	CONTROLS	
1459169	1460207	CONTROLS	
1459169	1460211	CONTROLS	
1459192	1459200	CONTROLS	
1460221	1459273	CONTROLS	
1459273	1459286	CONTROLS	
1459273	1460221	CONTROLS	
1459286	1459294	CONTROLS	
1459286	1459335	CONTROLS	
1459286	1460222	CONTROLS	
1459286	1460221	CONTROLS	
1459294	1459301	CONTROLS	
1459294	1459308	CONTROLS	
1459294	1459320	CONTROLS	
1459294	1459335	CONTROLS	
1459294	1460222	CONTROLS	
1459294	1460221	CONTROLS	
1459308	1459313	CONTROLS	
1460222	1459341	CONTROLS	
1460222	1459348	CONTROLS	
1460222	1459829	CONTROLS	
1460222	1459859	CONTROLS	
1460222	1459917	CONTROLS	
1460222	1459926	CONTROLS	
1460222	1459936	CONTROLS	
1460222	1459947	CONTROLS	
1460222	1459948	CONTROLS	
1460222	1459949	CONTROLS	
1460222	1459950	CONTROLS	
1460222	1459951	CONTROLS	
1460222	1459952	CONTROLS	
1460222	1459953	CONTROLS	
1460222	1459954	CONTROLS	
1460222	1459955	CONTROLS	
1460222	1459956	CONTROLS	
1460222	1459957	CONTROLS	
1460222	1459958	CONTROLS	
1460222	1459959	CONTROLS	
1460222	1459960	CONTROLS	
1460222	1459961	CONTROLS	
1460222	1459962	CONTROLS	
1460222	1459963	CONTROLS	
1460222	1459964	CONTROLS	
1460222	1459965	CONTROLS	
1460222	1459966	CONTROLS	
1460222	1459967	CONTROLS	
1460222	1459968	CONTROLS	
1460222	1459969	CONTROLS	
1460222	1459970	CONTROLS	
1460222	1459971	CONTROLS	
1460222	1459972	CONTROLS	
1460222	1459973	CONTROLS	
1460222	1459975	CONTROLS	
1460222	1460007	CONTROLS	
1460222	1460016	CONTROLS	
1460222	1460022	CONTROLS	
1460222	1460028	CONTROLS	
1460222	1460180	CONTROLS	
1459348	1459357	CONTROLS	
1459348	1459374	CONTROLS	
1459348	1459398	CONTROLS	
1459348	1459399	CONTROLS	
1459348	1459400	CONTROLS	
1459348	1459401	CONTROLS	
1459348	1459402	CONTROLS	
1459348	1459403	CONTROLS	
1459348	1459404	CONTROLS	
1459348	1459405	CONTROLS	
1459348	1459406	CONTROLS	
1459348	1459407	CONTROLS	
1459348	1459408	CONTROLS	
1459348	1459409	CONTROLS	
1459348	1459410	CONTROLS	
1459348	1459411	CONTROLS	
1459348	1459412	CONTROLS	
1459348	1459413	CONTROLS	
1459348	1459414	CONTROLS	
1459348	1459415	CONTROLS	
1459348	1459416	CONTROLS	
1459348	1459417	CONTROLS	
1459348	1459418	CONTROLS	
1459348	1459419	CONTROLS	
1459348	1459420	CONTROLS	
1459348	1459421	CONTROLS	
1459348	1459422	CONTROLS	
1459348	1459423	CONTROLS	
1459348	1459424	CONTROLS	
1459348	1459425	CONTROLS	
1459348	1459426	CONTROLS	
1459348	1459428	CONTROLS	
1459348	1459459	CONTROLS	
1459348	1459811	CONTROLS	
1459357	1459369	CONTROLS	
1459374	1459379	CONTROLS	
1459374	1459385	CONTROLS	
1459374	1459391	CONTROLS	
1459428	1459433	CONTROLS	
1459428	1459439	CONTROLS	
1459428	1459445	CONTROLS	
1459428	1459451	CONTROLS	
1459459	1459464	CONTROLS	
1459459	1459473	CONTROLS	
1459459	1459480	CONTROLS	
1459459	1459486	CONTROLS	
1459459	1459495	CONTROLS	
1459495	1459500	CONTROLS	
1459495	1459509	CONTROLS	
1459509	1459517	CONTROLS	
1459517	1459530	CONTROLS	
1459517	1459539	CONTROLS	
1459517	1459545	CONTROLS	
1459517	1459552	CONTROLS	
1459517	1459558	CONTROLS	
1459558	1459571	CONTROLS	
1459558	1459577	CONTROLS	
1459558	1459583	CONTROLS	
1459558	1459594	CONTROLS	
1459558	1459600	CONTROLS	
1459600	1459605	CONTROLS	
1459600	1459611	CONTROLS	
1459600	1459622	CONTROLS	
1459600	1459628	CONTROLS	
1459628	1459667	CONTROLS	
1459628	1459671	CONTROLS	
1459628	1459680	CONTROLS	
1459628	1459690	CONTROLS	
1459628	1459699	CONTROLS	
1459628	1459710	CONTROLS	
1459628	1459721	CONTROLS	
1459628	1459727	CONTROLS	
1459727	1459746	CONTROLS	
1459727	1459750	CONTROLS	
1459727	1459759	CONTROLS	
1459727	1459760	CONTROLS	
1459727	1459761	CONTROLS	
1459727	1459762	CONTROLS	
1459727	1459763	CONTROLS	
1459727	1459764	CONTROLS	
1459727	1459765	CONTROLS	
1459727	1459766	CONTROLS	
1459727	1459767	CONTROLS	
1459727	1459768	CONTROLS	
1459727	1459769	CONTROLS	
1459727	1459770	CONTROLS	
1459727	1459771	CONTROLS	
1459727	1459772	CONTROLS	
1459727	1459773	CONTROLS	
1459727	1459774	CONTROLS	
1459727	1459775	CONTROLS	
1459727	1459776	CONTROLS	
1459727	1459777	CONTROLS	
1459727	1459778	CONTROLS	
1459727	1459789	CONTROLS	
1459727	1459800	CONTROLS	
1459727	1459806	CONTROLS	
1459811	1459818	CONTROLS	
1459811	1459824	CONTROLS	
1459829	1459839	CONTROLS	
1459829	1459845	CONTROLS	
1459829	1459851	CONTROLS	
1459859	1459867	CONTROLS	
1459859	1459888	CONTROLS	
1459859	1459897	CONTROLS	
1459936	1459939	CONTROLS	
1459936	1459943	CONTROLS	
1459975	1459990	CONTROLS	
1460028	1460040	CONTROLS	
1460028	1460046	CONTROLS	
1460028	1460058	CONTROLS	
1460058	1460065	CONTROLS	
1460058	1460069	CONTROLS	
1460058	1460079	CONTROLS	
1460058	1460088	CONTROLS	
1460058	1460097	CONTROLS	
1460097	1460106	CONTROLS	
1460097	1460113	CONTROLS	
1460097	1460130	CONTROLS	
1460097	1460136	CONTROLS	
1460097	1460147	CONTROLS	
1460097	1460163	CONTROLS	
1460097	1460169	CONTROLS	
1460097	1460173	CONTROLS	
1460113	1460120	CONTROLS	
1460113	1460124	CONTROLS	
1460147	1460152	CONTROLS	
1459419	1459420	DOM	
1459423	1459424	DOM	
1459839	1459845	DOM	
1459972	1459973	DOM	
1459818	1459824	DOM	
1460022	1460028	DOM	
1459789	1459800	DOM	
1459951	1459952	DOM	
1460058	1460065	DOM	
1460079	1460088	DOM	
1459402	1459403	DOM	
1459428	1459459	DOM	
1459776	1459777	DOM	
1459973	1459975	DOM	
1459954	1459955	DOM	
1460147	1460163	DOM	
1459459	1459464	DOM	
1459530	1459539	DOM	
1459958	1459959	DOM	
1459420	1459421	DOM	
1459403	1459404	DOM	
1459224	1459238	DOM	
1460207	1460211	DOM	
1459955	1459956	DOM	
1460028	1460180	DOM	
1459187	1459192	DOM	
1459262	1460221	DOM	
1460007	1460016	DOM	
1459459	1459495	DOM	
1459583	1459594	DOM	
1459192	1459200	DOM	
1459952	1459953	DOM	
1459418	1459419	DOM	
1460219	1460216	DOM	
1459699	1459710	DOM	
1460147	1460152	DOM	
1459766	1459767	DOM	
1460221	1459273	DOM	
1459308	1459313	DOM	
1460016	1460022	DOM	
1459301	1459308	DOM	
1459577	1459583	DOM	
1460028	1460040	DOM	
1459163	1460220	DOM	
1459374	1459398	DOM	
1459950	1459951	DOM	
1459772	1459773	DOM	
1459422	1459423	DOM	
1460088	1460097	DOM	
1459768	1459769	DOM	
1459727	1459746	DOM	
1459411	1459412	DOM	
1459917	1459926	DOM	
1460065	1460069	DOM	
1459163	1459187	DOM	
1460169	1460173	DOM	
1460097	1460106	DOM	
1460113	1460120	DOM	
1459888	1459897	DOM	
1459956	1459957	DOM	
1459965	1459966	DOM	
1459341	1459348	DOM	
1459433	1459439	DOM	
1459539	1459545	DOM	
1459517	1459530	DOM	
1459545	1459552	DOM	
1459399	1459400	DOM	
1459308	1459320	DOM	
1460069	1460079	DOM	
1459348	1459357	DOM	
1459800	1459806	DOM	
1459238	1459242	DOM	
1459414	1459415	DOM	
1459445	1459451	DOM	
1459273	1459286	DOM	
1459936	1459947	DOM	
1459936	1459939	DOM	
1459357	1459374	DOM	
1459975	1459990	DOM	
1459746	1459750	DOM	
1459775	1459776	DOM	
1459480	1459486	DOM	
1459206	1459224	DOM	
1459192	1459206	DOM	
1459473	1459480	DOM	
1459962	1459963	DOM	
1459968	1459969	DOM	
1459765	1459766	DOM	
1459379	1459385	DOM	
1459495	1459509	DOM	
1460113	1460130	DOM	
1459158	1459163	DOM	
1459412	1459413	DOM	
1459767	1459768	DOM	
1459628	1459667	DOM	
1460120	1460124	DOM	
1459773	1459774	DOM	
1459415	1459416	DOM	
1459964	1459965	DOM	
1459926	1459936	DOM	
1459963	1459964	DOM	
1459400	1459401	DOM	
1459769	1459770	DOM	
1459294	1459301	DOM	
1459150	1459154	DOM	
1459413	1459414	DOM	
1459948	1459949	DOM	
1460136	1460147	DOM	
1459517	1459558	DOM	
1459949	1459950	DOM	
1460130	1460136	DOM	
1459959	1459960	DOM	
1459425	1459426	DOM	
1459859	1459917	DOM	
1460163	1460169	DOM	
1459409	1459410	DOM	
1459966	1459967	DOM	
1459763	1459764	DOM	
1459953	1459954	DOM	
1459558	1459571	DOM	
1459286	1459335	DOM	
1459421	1459422	DOM	
1459410	1459411	DOM	
1459947	1459948	DOM	
1459774	1459775	DOM	
1459690	1459699	DOM	
1459600	1459605	DOM	
1459829	1459839	DOM	
1459426	1459428	DOM	
1459845	1459851	DOM	
1459357	1459369	DOM	
1459771	1459772	DOM	
1460046	1460058	DOM	
1459761	1459762	DOM	
1459163	1459169	DOM	
1459762	1459763	DOM	
1459970	1459971	DOM	
1459967	1459968	DOM	
1459605	1459611	DOM	
1459286	1459294	DOM	
1459408	1459409	DOM	
1459416	1459417	DOM	
1459600	1459628	DOM	
1459401	1459402	DOM	
1459335	1460222	DOM	
1459628	1459727	DOM	
1459571	1459577	DOM	
1459960	1459961	DOM	
1459829	1459859	DOM	
1460222	1459341	DOM	
1459406	1459407	DOM	
1459464	1459473	DOM	
1459859	1459867	DOM	
1459764	1459765	DOM	
1459760	1459761	DOM	
1459770	1459771	DOM	
1459459	1459811	DOM	
1459778	1459789	DOM	
1460221	1460186	DOM	
1459407	1459408	DOM	
1459611	1459622	DOM	
1460040	1460046	DOM	
1459671	1459680	DOM	
1459385	1459391	DOM	
1459374	1459379	DOM	
1459971	1459972	DOM	
1459777	1459778	DOM	
1459558	1459600	DOM	
1459154	1459158	DOM	
1459405	1459406	DOM	
1459428	1459433	DOM	
1459750	1459759	DOM	
1460106	1460113	DOM	
1459495	1459500	DOM	
1459509	1459517	DOM	
1460219	1460219	DOM	
1459398	1459399	DOM	
1459667	1459671	DOM	
1459242	1459262	DOM	
1460186	1460207	DOM	
1459417	1459418	DOM	
1459939	1459943	DOM	
1459439	1459445	DOM	
1459957	1459958	DOM	
1459961	1459962	DOM	
1459169	1459181	DOM	
1459680	1459690	DOM	
1459759	1459760	DOM	
1460216	1459143	DOM	
1459143	1459150	DOM	
1459975	1460007	DOM	
1459969	1459970	DOM	
1459811	1459818	DOM	
1459169	1459179	DOM	
1459404	1459405	DOM	
1459867	1459888	DOM	
1459424	1459425	DOM	
1459710	1459721	DOM	
1459348	1459829	DOM	
1459421	1459420	POST_DOM	
1459425	1459424	POST_DOM	
1459851	1459845	POST_DOM	
1459334	1459328	POST_DOM	
1459975	1459973	POST_DOM	
1460180	1460028	POST_DOM	
1459829	1459824	POST_DOM	
1459806	1459800	POST_DOM	
1459953	1459952	POST_DOM	
1460069	1460065	POST_DOM	
1460097	1460088	POST_DOM	
1459811	1459459	POST_DOM	
1459404	1459403	POST_DOM	
1459778	1459777	POST_DOM	
1460007	1459975	POST_DOM	
1459956	1459955	POST_DOM	
1460169	1460163	POST_DOM	
1459473	1459464	POST_DOM	
1459545	1459539	POST_DOM	
1459960	1459959	POST_DOM	
1459422	1459421	POST_DOM	
1459328	1459321	POST_DOM	
1459405	1459404	POST_DOM	
1460220	1460211	POST_DOM	
1459242	1459238	POST_DOM	
1459957	1459956	POST_DOM	
1460222	1460180	POST_DOM	
1460186	1460221	POST_DOM	
1459206	1459192	POST_DOM	
1460022	1460016	POST_DOM	
1459811	1459495	POST_DOM	
1459811	1459594	POST_DOM	
1459206	1459200	POST_DOM	
1459954	1459953	POST_DOM	
1459420	1459419	POST_DOM	
1459143	1460216	POST_DOM	
1459721	1459710	POST_DOM	
1460163	1460152	POST_DOM	
1459768	1459767	POST_DOM	
1460186	1459273	POST_DOM	
1460028	1460022	POST_DOM	
1459320	1459313	POST_DOM	
1459320	1459308	POST_DOM	
1459594	1459583	POST_DOM	
1460046	1460040	POST_DOM	
1460220	1460220	POST_DOM	
1459399	1459398	POST_DOM	
1459952	1459951	POST_DOM	
1459774	1459773	POST_DOM	
1459424	1459423	POST_DOM	
1460180	1460097	POST_DOM	
1459770	1459769	POST_DOM	
1459750	1459746	POST_DOM	
1459413	1459412	POST_DOM	
1459936	1459926	POST_DOM	
1460079	1460069	POST_DOM	
1459192	1459187	POST_DOM	
1460180	1460173	POST_DOM	
1460113	1460106	POST_DOM	
1460124	1460120	POST_DOM	
1459917	1459897	POST_DOM	
1459958	1459957	POST_DOM	
1459967	1459966	POST_DOM	
1459829	1459348	POST_DOM	
1459445	1459439	POST_DOM	
1459552	1459545	POST_DOM	
1459539	1459530	POST_DOM	
1459811	1459552	POST_DOM	
1459401	1459400	POST_DOM	
1460088	1460079	POST_DOM	
1460186	1459320	POST_DOM	
1459374	1459357	POST_DOM	
1459811	1459806	POST_DOM	
1459262	1459242	POST_DOM	
1459416	1459415	POST_DOM	
1459459	1459451	POST_DOM	
1460186	1459286	POST_DOM	
1459948	1459947	POST_DOM	
1459943	1459939	POST_DOM	
1459398	1459374	POST_DOM	
1460007	1459990	POST_DOM	
1459759	1459750	POST_DOM	
1459777	1459776	POST_DOM	
1459811	1459486	POST_DOM	
1459238	1459224	POST_DOM	
1459224	1459206	POST_DOM	
1459970	1459969	POST_DOM	
1459964	1459963	POST_DOM	
1459486	1459480	POST_DOM	
1459767	1459766	POST_DOM	
1459391	1459385	POST_DOM	
1459811	1459509	POST_DOM	
1460136	1460130	POST_DOM	
1460220	1459163	POST_DOM	
1459414	1459413	POST_DOM	
1459769	1459768	POST_DOM	
1459671	1459667	POST_DOM	
1460130	1460124	POST_DOM	
1459775	1459774	POST_DOM	
1459417	1459416	POST_DOM	
1459966	1459965	POST_DOM	
1459965	1459964	POST_DOM	
1459947	1459936	POST_DOM	
1459402	1459401	POST_DOM	
1459771	1459770	POST_DOM	
1459308	1459301	POST_DOM	
1459158	1459154	POST_DOM	
1459415	1459414	POST_DOM	
1459950	1459949	POST_DOM	
1460163	1460147	POST_DOM	
1459811	1459558	POST_DOM	
1459951	1459950	POST_DOM	
1460147	1460136	POST_DOM	
1459961	1459960	POST_DOM	
1459428	1459426	POST_DOM	
1459926	1459917	POST_DOM	
1460173	1460169	POST_DOM	
1459411	1459410	POST_DOM	
1459968	1459967	POST_DOM	
1459765	1459764	POST_DOM	
1459955	1459954	POST_DOM	
1459577	1459571	POST_DOM	
1460222	1459335	POST_DOM	
1459423	1459422	POST_DOM	
1459412	1459411	POST_DOM	
1459949	1459948	POST_DOM	
1459776	1459775	POST_DOM	
1459710	1459699	POST_DOM	
1459611	1459605	POST_DOM	
1459845	1459839	POST_DOM	
1459459	1459428	POST_DOM	
1459859	1459851	POST_DOM	
1459374	1459369	POST_DOM	
1459773	1459772	POST_DOM	
1459763	1459762	POST_DOM	
1460180	1460058	POST_DOM	
1460220	1459169	POST_DOM	
1459764	1459763	POST_DOM	
1459972	1459971	POST_DOM	
1459969	1459968	POST_DOM	
1459622	1459611	POST_DOM	
1460186	1459294	POST_DOM	
1459418	1459417	POST_DOM	
1459410	1459409	POST_DOM	
1459811	1459628	POST_DOM	
1459403	1459402	POST_DOM	
1460221	1460222	POST_DOM	
1459811	1459727	POST_DOM	
1459583	1459577	POST_DOM	
1459962	1459961	POST_DOM	
1459917	1459859	POST_DOM	
1459348	1459341	POST_DOM	
1459408	1459407	POST_DOM	
1459480	1459473	POST_DOM	
1459766	1459765	POST_DOM	
1459888	1459867	POST_DOM	
1459772	1459771	POST_DOM	
1459762	1459761	POST_DOM	
1459829	1459811	POST_DOM	
1459800	1459789	POST_DOM	
1460207	1460186	POST_DOM	
1459409	1459408	POST_DOM	
1459811	1459622	POST_DOM	
1460058	1460046	POST_DOM	
1460186	1459334	POST_DOM	
1459690	1459680	POST_DOM	
1459398	1459391	POST_DOM	
1459385	1459379	POST_DOM	
1459973	1459972	POST_DOM	
1459789	1459778	POST_DOM	
1459811	1459600	POST_DOM	
1459163	1459158	POST_DOM	
1459407	1459406	POST_DOM	
1459439	1459433	POST_DOM	
1459760	1459759	POST_DOM	
1460130	1460113	POST_DOM	
1459811	1459500	POST_DOM	
1459811	1459517	POST_DOM	
1460216	1460219	POST_DOM	
1459400	1459399	POST_DOM	
1459680	1459671	POST_DOM	
1460221	1459262	POST_DOM	
1460211	1460207	POST_DOM	
1459419	1459418	POST_DOM	
1459947	1459943	POST_DOM	
1459451	1459445	POST_DOM	
1459963	1459962	POST_DOM	
1459959	1459958	POST_DOM	
1459187	1459181	POST_DOM	
1459699	1459690	POST_DOM	
1459761	1459760	POST_DOM	
1459150	1459143	POST_DOM	
1459154	1459150	POST_DOM	
1460016	1460007	POST_DOM	
1459971	1459970	POST_DOM	
1459824	1459818	POST_DOM	
1460220	1459179	POST_DOM	
1459406	1459405	POST_DOM	
1459897	1459888	POST_DOM	
1459426	1459425	POST_DOM	
1459811	1459721	POST_DOM	
1459859	1459829	POST_DOM	
1459140	1459141	IS_FUNCTION_OF_AST	
1459140	1460219	IS_FUNCTION_OF_CFG	
1459139	1459140	IS_FILE_OF	
