start	end	type	var
728328	728329	IS_AST_PARENT	
728328	728330	IS_AST_PARENT	
728331	728332	IS_AST_PARENT	
728331	728333	IS_AST_PARENT	
728328	728331	IS_AST_PARENT	
728327	728328	IS_AST_PARENT	
728326	728327	IS_AST_PARENT	
728335	728336	IS_AST_PARENT	
728335	728337	IS_AST_PARENT	
728334	728335	IS_AST_PARENT	
728326	728334	IS_AST_PARENT	
728340	728341	IS_AST_PARENT	
728342	728343	IS_AST_PARENT	
728342	728344	IS_AST_PARENT	
728340	728342	IS_AST_PARENT	
728339	728340	IS_AST_PARENT	
728338	728339	IS_AST_PARENT	
728345	728346	IS_AST_PARENT	
728338	728345	IS_AST_PARENT	
728326	728338	IS_AST_PARENT	
728348	728349	IS_AST_PARENT	
728351	728352	IS_AST_PARENT	
728350	728351	IS_AST_PARENT	
728355	728356	IS_AST_PARENT	
728355	728357	IS_AST_PARENT	
728354	728355	IS_AST_PARENT	
728353	728354	IS_AST_PARENT	
728350	728353	IS_AST_PARENT	
728348	728350	IS_AST_PARENT	
728347	728348	IS_AST_PARENT	
728326	728347	IS_AST_PARENT	
728360	728361	IS_AST_PARENT	
728360	728362	IS_AST_PARENT	
728359	728360	IS_AST_PARENT	
728358	728359	IS_AST_PARENT	
728363	728364	IS_AST_PARENT	
728358	728363	IS_AST_PARENT	
728326	728358	IS_AST_PARENT	
728366	728367	IS_AST_PARENT	
728371	728372	IS_AST_PARENT	
728373	728374	IS_AST_PARENT	
728373	728375	IS_AST_PARENT	
728371	728373	IS_AST_PARENT	
728370	728371	IS_AST_PARENT	
728370	728376	IS_AST_PARENT	
728369	728370	IS_AST_PARENT	
728369	728377	IS_AST_PARENT	
728368	728369	IS_AST_PARENT	
728368	728378	IS_AST_PARENT	
728366	728368	IS_AST_PARENT	
728365	728366	IS_AST_PARENT	
728326	728365	IS_AST_PARENT	
728380	728381	IS_AST_PARENT	
728383	728384	IS_AST_PARENT	
728383	728385	IS_AST_PARENT	
728382	728383	IS_AST_PARENT	
728382	728386	IS_AST_PARENT	
728380	728382	IS_AST_PARENT	
728379	728380	IS_AST_PARENT	
728326	728379	IS_AST_PARENT	
728390	728391	IS_AST_PARENT	
728390	728392	IS_AST_PARENT	
728389	728390	IS_AST_PARENT	
728393	728394	IS_AST_PARENT	
728393	728395	IS_AST_PARENT	
728389	728393	IS_AST_PARENT	
728388	728389	IS_AST_PARENT	
728388	728396	IS_AST_PARENT	
728387	728388	IS_AST_PARENT	
728326	728387	IS_AST_PARENT	
728397	728398	IS_AST_PARENT	
728326	728397	IS_AST_PARENT	
728325	728326	IS_AST_PARENT	
728325	728399	IS_AST_PARENT	
728325	728400	IS_AST_PARENT	
728402	728403	IS_AST_PARENT	
728402	728404	IS_AST_PARENT	
728401	728402	IS_AST_PARENT	
728325	728401	IS_AST_PARENT	
728405	728402	FLOWS_TO	
728402	728327	FLOWS_TO	
728327	728334	FLOWS_TO	
728334	728339	FLOWS_TO	
728339	728345	FLOWS_TO	
728339	728347	FLOWS_TO	
728345	728406	FLOWS_TO	
728347	728359	FLOWS_TO	
728359	728363	FLOWS_TO	
728359	728365	FLOWS_TO	
728363	728406	FLOWS_TO	
728365	728379	FLOWS_TO	
728379	728387	FLOWS_TO	
728387	728397	FLOWS_TO	
728397	728406	FLOWS_TO	
728347	728407	USE	
728348	728407	USE	
728327	728408	USE	
728331	728408	USE	
728327	728408	DEF	
728331	728408	DEF	
728345	728408	USE	
728402	728409	DEF	
728339	728409	USE	
728347	728409	USE	
728354	728409	USE	
728339	728410	USE	
728387	728411	DEF	
728388	728411	DEF	
728334	728412	DEF	
728335	728412	DEF	
728365	728412	DEF	
728366	728412	DEF	
728379	728412	USE	
728380	728412	USE	
728387	728412	USE	
728388	728412	USE	
728327	728413	DEF	
728328	728413	DEF	
728347	728413	DEF	
728348	728413	DEF	
728359	728413	USE	
728363	728413	USE	
728365	728413	USE	
728366	728413	USE	
728379	728413	DEF	
728380	728413	DEF	
728379	728413	USE	
728380	728413	USE	
728387	728413	USE	
728389	728413	USE	
728397	728413	USE	
728327	728345	REACHES	NULL
728402	728339	REACHES	size
728402	728347	REACHES	size
728365	728379	REACHES	diff
728365	728387	REACHES	diff
728347	728359	REACHES	ptr
728347	728363	REACHES	ptr
728347	728365	REACHES	ptr
728347	728379	REACHES	ptr
728379	728387	REACHES	ptr
728379	728397	REACHES	ptr
728405	728402	CONTROLS	
728405	728327	CONTROLS	
728405	728334	CONTROLS	
728405	728339	CONTROLS	
728339	728345	CONTROLS	
728339	728347	CONTROLS	
728339	728359	CONTROLS	
728359	728363	CONTROLS	
728359	728365	CONTROLS	
728359	728379	CONTROLS	
728359	728387	CONTROLS	
728359	728397	CONTROLS	
728359	728365	DOM	
728339	728347	DOM	
728402	728327	DOM	
728365	728379	DOM	
728379	728387	DOM	
728387	728397	DOM	
728327	728334	DOM	
728405	728405	DOM	
728339	728406	DOM	
728334	728339	DOM	
728359	728363	DOM	
728339	728345	DOM	
728347	728359	DOM	
728405	728402	DOM	
728379	728365	POST_DOM	
728359	728347	POST_DOM	
728334	728327	POST_DOM	
728387	728379	POST_DOM	
728406	728397	POST_DOM	
728397	728387	POST_DOM	
728339	728334	POST_DOM	
728402	728405	POST_DOM	
728406	728406	POST_DOM	
728406	728339	POST_DOM	
728406	728363	POST_DOM	
728406	728345	POST_DOM	
728406	728359	POST_DOM	
728327	728402	POST_DOM	
728324	728325	IS_FUNCTION_OF_AST	
728324	728405	IS_FUNCTION_OF_CFG	
728323	728324	IS_FILE_OF	
