start	end	type	var
7881355	7881356	IS_AST_PARENT	
7881355	7881357	IS_AST_PARENT	
7881354	7881355	IS_AST_PARENT	
7881358	7881359	IS_AST_PARENT	
7881358	7881360	IS_AST_PARENT	
7881354	7881358	IS_AST_PARENT	
7881353	7881354	IS_AST_PARENT	
7881362	7881363	IS_AST_PARENT	
7881365	7881366	IS_AST_PARENT	
7881364	7881365	IS_AST_PARENT	
7881368	7881369	IS_AST_PARENT	
7881367	7881368	IS_AST_PARENT	
7881370	7881371	IS_AST_PARENT	
7881367	7881370	IS_AST_PARENT	
7881372	7881373	IS_AST_PARENT	
7881367	7881372	IS_AST_PARENT	
7881364	7881367	IS_AST_PARENT	
7881362	7881364	IS_AST_PARENT	
7881361	7881362	IS_AST_PARENT	
7881353	7881361	IS_AST_PARENT	
7881376	7881377	IS_AST_PARENT	
7881376	7881378	IS_AST_PARENT	
7881375	7881376	IS_AST_PARENT	
7881374	7881375	IS_AST_PARENT	
7881382	7881383	IS_AST_PARENT	
7881381	7881382	IS_AST_PARENT	
7881385	7881386	IS_AST_PARENT	
7881384	7881385	IS_AST_PARENT	
7881381	7881384	IS_AST_PARENT	
7881380	7881381	IS_AST_PARENT	
7881379	7881380	IS_AST_PARENT	
7881388	7881389	IS_AST_PARENT	
7881388	7881390	IS_AST_PARENT	
7881387	7881388	IS_AST_PARENT	
7881379	7881387	IS_AST_PARENT	
7881374	7881379	IS_AST_PARENT	
7881353	7881374	IS_AST_PARENT	
7881392	7881393	IS_AST_PARENT	
7881392	7881394	IS_AST_PARENT	
7881391	7881392	IS_AST_PARENT	
7881353	7881391	IS_AST_PARENT	
7881397	7881398	IS_AST_PARENT	
7881396	7881397	IS_AST_PARENT	
7881400	7881401	IS_AST_PARENT	
7881399	7881400	IS_AST_PARENT	
7881402	7881403	IS_AST_PARENT	
7881399	7881402	IS_AST_PARENT	
7881404	7881405	IS_AST_PARENT	
7881399	7881404	IS_AST_PARENT	
7881407	7881408	IS_AST_PARENT	
7881407	7881409	IS_AST_PARENT	
7881406	7881407	IS_AST_PARENT	
7881399	7881406	IS_AST_PARENT	
7881411	7881412	IS_AST_PARENT	
7881411	7881413	IS_AST_PARENT	
7881410	7881411	IS_AST_PARENT	
7881399	7881410	IS_AST_PARENT	
7881396	7881399	IS_AST_PARENT	
7881395	7881396	IS_AST_PARENT	
7881353	7881395	IS_AST_PARENT	
7881418	7881419	IS_AST_PARENT	
7881417	7881418	IS_AST_PARENT	
7881421	7881422	IS_AST_PARENT	
7881420	7881421	IS_AST_PARENT	
7881424	7881425	IS_AST_PARENT	
7881424	7881426	IS_AST_PARENT	
7881423	7881424	IS_AST_PARENT	
7881420	7881423	IS_AST_PARENT	
7881428	7881429	IS_AST_PARENT	
7881430	7881431	IS_AST_PARENT	
7881430	7881432	IS_AST_PARENT	
7881428	7881430	IS_AST_PARENT	
7881427	7881428	IS_AST_PARENT	
7881420	7881427	IS_AST_PARENT	
7881417	7881420	IS_AST_PARENT	
7881416	7881417	IS_AST_PARENT	
7881416	7881433	IS_AST_PARENT	
7881415	7881416	IS_AST_PARENT	
7881414	7881415	IS_AST_PARENT	
7881436	7881437	IS_AST_PARENT	
7881436	7881438	IS_AST_PARENT	
7881436	7881439	IS_AST_PARENT	
7881435	7881436	IS_AST_PARENT	
7881434	7881435	IS_AST_PARENT	
7881442	7881443	IS_AST_PARENT	
7881441	7881442	IS_AST_PARENT	
7881445	7881446	IS_AST_PARENT	
7881444	7881445	IS_AST_PARENT	
7881448	7881449	IS_AST_PARENT	
7881448	7881450	IS_AST_PARENT	
7881447	7881448	IS_AST_PARENT	
7881444	7881447	IS_AST_PARENT	
7881451	7881452	IS_AST_PARENT	
7881444	7881451	IS_AST_PARENT	
7881455	7881456	IS_AST_PARENT	
7881454	7881455	IS_AST_PARENT	
7881459	7881460	IS_AST_PARENT	
7881459	7881461	IS_AST_PARENT	
7881458	7881459	IS_AST_PARENT	
7881457	7881458	IS_AST_PARENT	
7881454	7881457	IS_AST_PARENT	
7881453	7881454	IS_AST_PARENT	
7881444	7881453	IS_AST_PARENT	
7881441	7881444	IS_AST_PARENT	
7881440	7881441	IS_AST_PARENT	
7881434	7881440	IS_AST_PARENT	
7881464	7881465	IS_AST_PARENT	
7881463	7881464	IS_AST_PARENT	
7881467	7881468	IS_AST_PARENT	
7881466	7881467	IS_AST_PARENT	
7881463	7881466	IS_AST_PARENT	
7881462	7881463	IS_AST_PARENT	
7881434	7881462	IS_AST_PARENT	
7881471	7881472	IS_AST_PARENT	
7881470	7881471	IS_AST_PARENT	
7881474	7881475	IS_AST_PARENT	
7881473	7881474	IS_AST_PARENT	
7881470	7881473	IS_AST_PARENT	
7881469	7881470	IS_AST_PARENT	
7881434	7881469	IS_AST_PARENT	
7881477	7881478	IS_AST_PARENT	
7881477	7881479	IS_AST_PARENT	
7881476	7881477	IS_AST_PARENT	
7881434	7881476	IS_AST_PARENT	
7881414	7881434	IS_AST_PARENT	
7881353	7881414	IS_AST_PARENT	
7881484	7881485	IS_AST_PARENT	
7881483	7881484	IS_AST_PARENT	
7881487	7881488	IS_AST_PARENT	
7881486	7881487	IS_AST_PARENT	
7881489	7881490	IS_AST_PARENT	
7881486	7881489	IS_AST_PARENT	
7881483	7881486	IS_AST_PARENT	
7881482	7881483	IS_AST_PARENT	
7881482	7881491	IS_AST_PARENT	
7881481	7881482	IS_AST_PARENT	
7881480	7881481	IS_AST_PARENT	
7881495	7881496	IS_AST_PARENT	
7881494	7881495	IS_AST_PARENT	
7881498	7881499	IS_AST_PARENT	
7881497	7881498	IS_AST_PARENT	
7881494	7881497	IS_AST_PARENT	
7881493	7881494	IS_AST_PARENT	
7881492	7881493	IS_AST_PARENT	
7881502	7881503	IS_AST_PARENT	
7881501	7881502	IS_AST_PARENT	
7881505	7881506	IS_AST_PARENT	
7881504	7881505	IS_AST_PARENT	
7881501	7881504	IS_AST_PARENT	
7881500	7881501	IS_AST_PARENT	
7881492	7881500	IS_AST_PARENT	
7881508	7881509	IS_AST_PARENT	
7881508	7881510	IS_AST_PARENT	
7881507	7881508	IS_AST_PARENT	
7881492	7881507	IS_AST_PARENT	
7881480	7881492	IS_AST_PARENT	
7881353	7881480	IS_AST_PARENT	
7881513	7881514	IS_AST_PARENT	
7881512	7881513	IS_AST_PARENT	
7881516	7881517	IS_AST_PARENT	
7881515	7881516	IS_AST_PARENT	
7881518	7881519	IS_AST_PARENT	
7881515	7881518	IS_AST_PARENT	
7881512	7881515	IS_AST_PARENT	
7881511	7881512	IS_AST_PARENT	
7881353	7881511	IS_AST_PARENT	
7881520	7881521	IS_AST_PARENT	
7881353	7881520	IS_AST_PARENT	
7881352	7881353	IS_AST_PARENT	
7881352	7881522	IS_AST_PARENT	
7881352	7881523	IS_AST_PARENT	
7881525	7881526	IS_AST_PARENT	
7881525	7881527	IS_AST_PARENT	
7881524	7881525	IS_AST_PARENT	
7881352	7881524	IS_AST_PARENT	
7881528	7881525	FLOWS_TO	
7881525	7881354	FLOWS_TO	
7881354	7881361	FLOWS_TO	
7881361	7881375	FLOWS_TO	
7881375	7881380	FLOWS_TO	
7881375	7881391	FLOWS_TO	
7881380	7881387	FLOWS_TO	
7881387	7881529	FLOWS_TO	
7881391	7881395	FLOWS_TO	
7881395	7881415	FLOWS_TO	
7881415	7881435	FLOWS_TO	
7881415	7881481	FLOWS_TO	
7881435	7881440	FLOWS_TO	
7881440	7881462	FLOWS_TO	
7881462	7881469	FLOWS_TO	
7881469	7881476	FLOWS_TO	
7881476	7881529	FLOWS_TO	
7881481	7881493	FLOWS_TO	
7881481	7881511	FLOWS_TO	
7881493	7881500	FLOWS_TO	
7881500	7881507	FLOWS_TO	
7881507	7881529	FLOWS_TO	
7881511	7881520	FLOWS_TO	
7881520	7881529	FLOWS_TO	
7881354	7881530	DEF	
7881355	7881530	DEF	
7881361	7881530	DEF	
7881362	7881530	DEF	
7881375	7881530	USE	
7881395	7881530	USE	
7881400	7881530	USE	
7881415	7881530	USE	
7881421	7881530	USE	
7881469	7881530	USE	
7881474	7881530	USE	
7881481	7881530	USE	
7881487	7881530	USE	
7881500	7881530	USE	
7881505	7881530	USE	
7881511	7881530	USE	
7881516	7881530	USE	
7881520	7881530	USE	
7881440	7881531	USE	
7881458	7881531	USE	
7881415	7881532	USE	
7881427	7881532	USE	
7881440	7881532	USE	
7881458	7881532	USE	
7881435	7881533	DEF	
7881436	7881533	DEF	
7881440	7881533	USE	
7881445	7881533	USE	
7881462	7881533	USE	
7881467	7881533	USE	
7881395	7881534	USE	
7881404	7881534	USE	
7881361	7881535	USE	
7881368	7881535	USE	
7881525	7881536	DEF	
7881415	7881536	USE	
7881423	7881536	USE	
7881430	7881536	USE	
7881440	7881536	USE	
7881459	7881536	USE	
7881481	7881537	USE	
7881395	7881538	USE	
7881402	7881538	USE	
7881440	7881539	USE	
7881453	7881539	USE	
7881361	7881540	USE	
7881370	7881540	USE	
7881415	7881541	USE	
7881354	7881542	DEF	
7881358	7881542	DEF	
7881391	7881542	DEF	
7881392	7881542	DEF	
7881395	7881543	USE	
7881406	7881543	USE	
7881361	7881544	USE	
7881362	7881544	USE	
7881361	7881375	REACHES	server_fd
7881361	7881395	REACHES	server_fd
7881361	7881415	REACHES	server_fd
7881361	7881469	REACHES	server_fd
7881361	7881481	REACHES	server_fd
7881361	7881500	REACHES	server_fd
7881361	7881511	REACHES	server_fd
7881361	7881520	REACHES	server_fd
7881435	7881440	REACHES	bindmsg
7881435	7881462	REACHES	bindmsg
7881525	7881415	REACHES	my_addr
7881525	7881440	REACHES	my_addr
7881528	7881525	CONTROLS	
7881528	7881354	CONTROLS	
7881528	7881361	CONTROLS	
7881528	7881375	CONTROLS	
7881375	7881380	CONTROLS	
7881375	7881387	CONTROLS	
7881375	7881391	CONTROLS	
7881375	7881395	CONTROLS	
7881375	7881415	CONTROLS	
7881415	7881435	CONTROLS	
7881415	7881440	CONTROLS	
7881415	7881462	CONTROLS	
7881415	7881469	CONTROLS	
7881415	7881476	CONTROLS	
7881415	7881481	CONTROLS	
7881481	7881493	CONTROLS	
7881481	7881500	CONTROLS	
7881481	7881507	CONTROLS	
7881481	7881511	CONTROLS	
7881481	7881520	CONTROLS	
7881375	7881529	DOM	
7881481	7881511	DOM	
7881415	7881435	DOM	
7881528	7881525	DOM	
7881375	7881391	DOM	
7881528	7881528	DOM	
7881525	7881354	DOM	
7881493	7881500	DOM	
7881500	7881507	DOM	
7881391	7881395	DOM	
7881481	7881493	DOM	
7881511	7881520	DOM	
7881440	7881462	DOM	
7881435	7881440	DOM	
7881361	7881375	DOM	
7881380	7881387	DOM	
7881462	7881469	DOM	
7881415	7881481	DOM	
7881354	7881361	DOM	
7881375	7881380	DOM	
7881395	7881415	DOM	
7881469	7881476	DOM	
7881529	7881529	POST_DOM	
7881520	7881511	POST_DOM	
7881440	7881435	POST_DOM	
7881354	7881525	POST_DOM	
7881395	7881391	POST_DOM	
7881525	7881528	POST_DOM	
7881361	7881354	POST_DOM	
7881507	7881500	POST_DOM	
7881529	7881507	POST_DOM	
7881415	7881395	POST_DOM	
7881500	7881493	POST_DOM	
7881529	7881520	POST_DOM	
7881469	7881462	POST_DOM	
7881462	7881440	POST_DOM	
7881529	7881387	POST_DOM	
7881529	7881375	POST_DOM	
7881476	7881469	POST_DOM	
7881529	7881481	POST_DOM	
7881387	7881380	POST_DOM	
7881375	7881361	POST_DOM	
7881529	7881476	POST_DOM	
7881529	7881415	POST_DOM	
7881351	7881352	IS_FUNCTION_OF_AST	
7881351	7881528	IS_FUNCTION_OF_CFG	
7881350	7881351	IS_FILE_OF	
