start	end	type	var
7458919	7458920	IS_AST_PARENT	
7458919	7458921	IS_AST_PARENT	
7458922	7458923	IS_AST_PARENT	
7458924	7458925	IS_AST_PARENT	
7458924	7458926	IS_AST_PARENT	
7458922	7458924	IS_AST_PARENT	
7458919	7458922	IS_AST_PARENT	
7458918	7458919	IS_AST_PARENT	
7458917	7458918	IS_AST_PARENT	
7458928	7458929	IS_AST_PARENT	
7458928	7458930	IS_AST_PARENT	
7458931	7458932	IS_AST_PARENT	
7458933	7458934	IS_AST_PARENT	
7458935	7458936	IS_AST_PARENT	
7458935	7458937	IS_AST_PARENT	
7458933	7458935	IS_AST_PARENT	
7458931	7458933	IS_AST_PARENT	
7458928	7458931	IS_AST_PARENT	
7458927	7458928	IS_AST_PARENT	
7458917	7458927	IS_AST_PARENT	
7458939	7458940	IS_AST_PARENT	
7458939	7458941	IS_AST_PARENT	
7458938	7458939	IS_AST_PARENT	
7458917	7458938	IS_AST_PARENT	
7458943	7458944	IS_AST_PARENT	
7458943	7458945	IS_AST_PARENT	
7458946	7458947	IS_AST_PARENT	
7458946	7458948	IS_AST_PARENT	
7458943	7458946	IS_AST_PARENT	
7458942	7458943	IS_AST_PARENT	
7458917	7458942	IS_AST_PARENT	
7458950	7458951	IS_AST_PARENT	
7458950	7458952	IS_AST_PARENT	
7458949	7458950	IS_AST_PARENT	
7458953	7458954	IS_AST_PARENT	
7458953	7458955	IS_AST_PARENT	
7458949	7458953	IS_AST_PARENT	
7458917	7458949	IS_AST_PARENT	
7458957	7458958	IS_AST_PARENT	
7458957	7458959	IS_AST_PARENT	
7458960	7458961	IS_AST_PARENT	
7458960	7458962	IS_AST_PARENT	
7458957	7458960	IS_AST_PARENT	
7458956	7458957	IS_AST_PARENT	
7458917	7458956	IS_AST_PARENT	
7458964	7458965	IS_AST_PARENT	
7458964	7458966	IS_AST_PARENT	
7458963	7458964	IS_AST_PARENT	
7458967	7458968	IS_AST_PARENT	
7458967	7458969	IS_AST_PARENT	
7458963	7458967	IS_AST_PARENT	
7458970	7458971	IS_AST_PARENT	
7458970	7458972	IS_AST_PARENT	
7458973	7458974	IS_AST_PARENT	
7458973	7458975	IS_AST_PARENT	
7458970	7458973	IS_AST_PARENT	
7458963	7458970	IS_AST_PARENT	
7458917	7458963	IS_AST_PARENT	
7458977	7458978	IS_AST_PARENT	
7458977	7458979	IS_AST_PARENT	
7458976	7458977	IS_AST_PARENT	
7458980	7458981	IS_AST_PARENT	
7458980	7458982	IS_AST_PARENT	
7458983	7458984	IS_AST_PARENT	
7458983	7458985	IS_AST_PARENT	
7458980	7458983	IS_AST_PARENT	
7458976	7458980	IS_AST_PARENT	
7458917	7458976	IS_AST_PARENT	
7458988	7458989	IS_AST_PARENT	
7458987	7458988	IS_AST_PARENT	
7458991	7458992	IS_AST_PARENT	
7458990	7458991	IS_AST_PARENT	
7458994	7458995	IS_AST_PARENT	
7458994	7458996	IS_AST_PARENT	
7458993	7458994	IS_AST_PARENT	
7458990	7458993	IS_AST_PARENT	
7458998	7458999	IS_AST_PARENT	
7458998	7459000	IS_AST_PARENT	
7458997	7458998	IS_AST_PARENT	
7458990	7458997	IS_AST_PARENT	
7458987	7458990	IS_AST_PARENT	
7458986	7458987	IS_AST_PARENT	
7458917	7458986	IS_AST_PARENT	
7458916	7458917	IS_AST_PARENT	
7458916	7459001	IS_AST_PARENT	
7458916	7459002	IS_AST_PARENT	
7459004	7459005	IS_AST_PARENT	
7459004	7459006	IS_AST_PARENT	
7459003	7459004	IS_AST_PARENT	
7459007	7459008	IS_AST_PARENT	
7459007	7459009	IS_AST_PARENT	
7459003	7459007	IS_AST_PARENT	
7459010	7459011	IS_AST_PARENT	
7459010	7459012	IS_AST_PARENT	
7459003	7459010	IS_AST_PARENT	
7459013	7459014	IS_AST_PARENT	
7459013	7459015	IS_AST_PARENT	
7459003	7459013	IS_AST_PARENT	
7458916	7459003	IS_AST_PARENT	
7459016	7459004	FLOWS_TO	
7459004	7459007	FLOWS_TO	
7459007	7459010	FLOWS_TO	
7459010	7459013	FLOWS_TO	
7459013	7458918	FLOWS_TO	
7458918	7458927	FLOWS_TO	
7458927	7458938	FLOWS_TO	
7458938	7458942	FLOWS_TO	
7458942	7458949	FLOWS_TO	
7458949	7458956	FLOWS_TO	
7458956	7458963	FLOWS_TO	
7458963	7458976	FLOWS_TO	
7458976	7458986	FLOWS_TO	
7458986	7459017	FLOWS_TO	
7458976	7459018	DEF	
7458983	7459018	DEF	
7458980	7459018	DEF	
7458986	7459019	USE	
7458997	7459019	USE	
7458993	7459019	USE	
7458956	7459020	USE	
7458960	7459020	USE	
7458956	7459020	DEF	
7458960	7459020	DEF	
7459007	7459021	DEF	
7458942	7459021	DEF	
7458946	7459021	DEF	
7458942	7459021	USE	
7458946	7459021	USE	
7458918	7459022	DEF	
7458922	7459022	DEF	
7458919	7459022	DEF	
7458927	7459022	USE	
7458935	7459022	USE	
7458931	7459022	USE	
7458927	7459023	DEF	
7458928	7459023	DEF	
7458931	7459023	DEF	
7458986	7459023	USE	
7458991	7459023	USE	
7458949	7459024	DEF	
7458953	7459024	DEF	
7458963	7459025	DEF	
7458964	7459025	DEF	
7458963	7459026	DEF	
7458967	7459026	DEF	
7458976	7459027	DEF	
7458977	7459027	DEF	
7459013	7459028	DEF	
7458986	7459028	USE	
7458998	7459028	USE	
7458994	7459028	USE	
7458963	7459029	DEF	
7458970	7459029	DEF	
7458973	7459029	DEF	
7458918	7459030	USE	
7458922	7459030	USE	
7458918	7459031	USE	
7458922	7459031	USE	
7458949	7459032	DEF	
7458950	7459032	DEF	
7459010	7459033	DEF	
7458938	7459034	DEF	
7458939	7459034	DEF	
7458956	7459035	DEF	
7458957	7459035	DEF	
7458986	7459036	USE	
7458997	7459036	USE	
7458927	7459037	USE	
7458931	7459037	USE	
7458986	7459038	USE	
7458993	7459038	USE	
7459004	7459039	DEF	
7458918	7459039	USE	
7458924	7459039	USE	
7458942	7459040	DEF	
7458943	7459040	DEF	
7459007	7458942	REACHES	data
7458918	7458927	REACHES	ctx
7458927	7458986	REACHES	gbc
7459013	7458986	REACHES	avpkt
7459004	7458918	REACHES	avctx
7459016	7459004	CONTROLS	
7459016	7459007	CONTROLS	
7459016	7459010	CONTROLS	
7459016	7459013	CONTROLS	
7459016	7458918	CONTROLS	
7459016	7458927	CONTROLS	
7459016	7458938	CONTROLS	
7459016	7458942	CONTROLS	
7459016	7458949	CONTROLS	
7459016	7458956	CONTROLS	
7459016	7458963	CONTROLS	
7459016	7458976	CONTROLS	
7459016	7458986	CONTROLS	
7459010	7459013	DOM	
7459013	7458918	DOM	
7459007	7459010	DOM	
7459004	7459007	DOM	
7458956	7458963	DOM	
7459016	7459004	DOM	
7458938	7458942	DOM	
7458976	7458986	DOM	
7458986	7459017	DOM	
7459016	7459016	DOM	
7458949	7458956	DOM	
7458942	7458949	DOM	
7458963	7458976	DOM	
7458927	7458938	DOM	
7458918	7458927	DOM	
7458918	7459013	POST_DOM	
7458927	7458918	POST_DOM	
7459013	7459010	POST_DOM	
7458976	7458963	POST_DOM	
7459010	7459007	POST_DOM	
7459007	7459004	POST_DOM	
7459017	7458986	POST_DOM	
7458949	7458942	POST_DOM	
7459017	7459017	POST_DOM	
7458963	7458956	POST_DOM	
7459004	7459016	POST_DOM	
7458956	7458949	POST_DOM	
7458986	7458976	POST_DOM	
7458942	7458938	POST_DOM	
7458938	7458927	POST_DOM	
7458915	7458916	IS_FUNCTION_OF_AST	
7458915	7459016	IS_FUNCTION_OF_CFG	
7458914	7458915	IS_FILE_OF	
