start	end	type	var
686452	686453	IS_AST_PARENT	
686452	686454	IS_AST_PARENT	
686455	686456	IS_AST_PARENT	
686457	686458	IS_AST_PARENT	
686457	686459	IS_AST_PARENT	
686455	686457	IS_AST_PARENT	
686452	686455	IS_AST_PARENT	
686451	686452	IS_AST_PARENT	
686450	686451	IS_AST_PARENT	
686461	686462	IS_AST_PARENT	
686461	686463	IS_AST_PARENT	
686464	686465	IS_AST_PARENT	
686466	686467	IS_AST_PARENT	
686466	686468	IS_AST_PARENT	
686464	686466	IS_AST_PARENT	
686461	686464	IS_AST_PARENT	
686460	686461	IS_AST_PARENT	
686450	686460	IS_AST_PARENT	
686471	686472	IS_AST_PARENT	
686471	686473	IS_AST_PARENT	
686470	686471	IS_AST_PARENT	
686469	686470	IS_AST_PARENT	
686478	686479	IS_AST_PARENT	
686478	686480	IS_AST_PARENT	
686477	686478	IS_AST_PARENT	
686481	686482	IS_AST_PARENT	
686483	686484	IS_AST_PARENT	
686483	686485	IS_AST_PARENT	
686481	686483	IS_AST_PARENT	
686477	686481	IS_AST_PARENT	
686476	686477	IS_AST_PARENT	
686475	686476	IS_AST_PARENT	
686489	686490	IS_AST_PARENT	
686488	686489	IS_AST_PARENT	
686492	686493	IS_AST_PARENT	
686491	686492	IS_AST_PARENT	
686488	686491	IS_AST_PARENT	
686487	686488	IS_AST_PARENT	
686486	686487	IS_AST_PARENT	
686495	686496	IS_AST_PARENT	
686495	686497	IS_AST_PARENT	
686494	686495	IS_AST_PARENT	
686486	686494	IS_AST_PARENT	
686475	686486	IS_AST_PARENT	
686474	686475	IS_AST_PARENT	
686500	686501	IS_AST_PARENT	
686499	686500	IS_AST_PARENT	
686503	686504	IS_AST_PARENT	
686502	686503	IS_AST_PARENT	
686499	686502	IS_AST_PARENT	
686498	686499	IS_AST_PARENT	
686474	686498	IS_AST_PARENT	
686506	686507	IS_AST_PARENT	
686506	686508	IS_AST_PARENT	
686505	686506	IS_AST_PARENT	
686474	686505	IS_AST_PARENT	
686510	686511	IS_AST_PARENT	
686510	686512	IS_AST_PARENT	
686509	686510	IS_AST_PARENT	
686474	686509	IS_AST_PARENT	
686514	686515	IS_AST_PARENT	
686514	686516	IS_AST_PARENT	
686513	686514	IS_AST_PARENT	
686474	686513	IS_AST_PARENT	
686469	686474	IS_AST_PARENT	
686450	686469	IS_AST_PARENT	
686519	686520	IS_AST_PARENT	
686519	686521	IS_AST_PARENT	
686518	686519	IS_AST_PARENT	
686518	686522	IS_AST_PARENT	
686517	686518	IS_AST_PARENT	
686450	686517	IS_AST_PARENT	
686449	686450	IS_AST_PARENT	
686449	686523	IS_AST_PARENT	
686449	686524	IS_AST_PARENT	
686526	686527	IS_AST_PARENT	
686526	686528	IS_AST_PARENT	
686525	686526	IS_AST_PARENT	
686529	686530	IS_AST_PARENT	
686529	686531	IS_AST_PARENT	
686525	686529	IS_AST_PARENT	
686532	686533	IS_AST_PARENT	
686532	686534	IS_AST_PARENT	
686525	686532	IS_AST_PARENT	
686449	686525	IS_AST_PARENT	
686535	686526	FLOWS_TO	
686526	686529	FLOWS_TO	
686529	686532	FLOWS_TO	
686532	686451	FLOWS_TO	
686451	686460	FLOWS_TO	
686460	686470	FLOWS_TO	
686470	686476	FLOWS_TO	
686470	686517	FLOWS_TO	
686476	686487	FLOWS_TO	
686476	686498	FLOWS_TO	
686487	686494	FLOWS_TO	
686494	686476	FLOWS_TO	
686498	686505	FLOWS_TO	
686505	686509	FLOWS_TO	
686509	686513	FLOWS_TO	
686513	686470	FLOWS_TO	
686517	686536	FLOWS_TO	
686529	686537	DEF	
686487	686537	USE	
686492	686537	USE	
686498	686537	USE	
686503	686537	USE	
686526	686538	DEF	
686451	686538	USE	
686455	686538	USE	
686460	686538	USE	
686464	686538	USE	
686532	686539	DEF	
686470	686539	USE	
686476	686539	USE	
686494	686539	USE	
686495	686539	USE	
686494	686539	DEF	
686495	686539	DEF	
686505	686539	USE	
686506	686539	USE	
686505	686539	DEF	
686506	686539	DEF	
686451	686540	DEF	
686452	686540	DEF	
686455	686540	DEF	
686509	686540	USE	
686510	686540	USE	
686509	686540	DEF	
686510	686540	DEF	
686517	686540	USE	
686460	686541	DEF	
686464	686541	DEF	
686461	686541	DEF	
686476	686541	USE	
686513	686541	USE	
686514	686541	USE	
686513	686541	DEF	
686514	686541	DEF	
686517	686541	USE	
686509	686542	USE	
686510	686542	USE	
686513	686542	USE	
686514	686542	USE	
686526	686451	REACHES	adler
686526	686460	REACHES	adler
686532	686470	REACHES	len
686505	686470	REACHES	len
686494	686476	REACHES	len
686505	686476	REACHES	len
686532	686476	REACHES	len
686494	686494	REACHES	len
686505	686494	REACHES	len
686532	686494	REACHES	len
686532	686505	REACHES	len
686494	686505	REACHES	len
686505	686505	REACHES	len
686509	686509	REACHES	s1
686451	686509	REACHES	s1
686509	686517	REACHES	s1
686451	686517	REACHES	s1
686513	686476	REACHES	s2
686460	686476	REACHES	s2
686513	686513	REACHES	s2
686460	686513	REACHES	s2
686513	686517	REACHES	s2
686460	686517	REACHES	s2
686529	686487	REACHES	buf
686529	686498	REACHES	buf
686535	686526	CONTROLS	
686535	686529	CONTROLS	
686535	686532	CONTROLS	
686535	686451	CONTROLS	
686535	686460	CONTROLS	
686535	686470	CONTROLS	
686535	686517	CONTROLS	
686470	686476	CONTROLS	
686470	686498	CONTROLS	
686470	686505	CONTROLS	
686470	686509	CONTROLS	
686470	686513	CONTROLS	
686476	686487	CONTROLS	
686476	686494	CONTROLS	
686517	686536	DOM	
686532	686451	DOM	
686509	686513	DOM	
686535	686526	DOM	
686470	686517	DOM	
686498	686505	DOM	
686476	686487	DOM	
686529	686532	DOM	
686505	686509	DOM	
686487	686494	DOM	
686526	686529	DOM	
686460	686470	DOM	
686451	686460	DOM	
686470	686476	DOM	
686535	686535	DOM	
686476	686498	DOM	
686536	686536	POST_DOM	
686460	686451	POST_DOM	
686470	686513	POST_DOM	
686529	686526	POST_DOM	
686536	686517	POST_DOM	
686509	686505	POST_DOM	
686494	686487	POST_DOM	
686451	686532	POST_DOM	
686513	686509	POST_DOM	
686476	686494	POST_DOM	
686532	686529	POST_DOM	
686517	686470	POST_DOM	
686470	686460	POST_DOM	
686498	686476	POST_DOM	
686526	686535	POST_DOM	
686505	686498	POST_DOM	
686448	686449	IS_FUNCTION_OF_AST	
686448	686535	IS_FUNCTION_OF_CFG	
686447	686448	IS_FILE_OF	
